128,191,1
129,191,1
130,191,1
131,191,1
132,186,9
132,191,1
133,191,1
134,191,1
135,191,1
136,191,1
137,191,1
138,191,1
139,191,1
140,191,1
141,141,27
141,168,27
141,186,9
141,191,1
142,191,1
143,191,1
144,191,1
145,191,1
146,191,1
147,191,1
148,191,1
149,191,1
150,186,9
150,191,1
151,191,1
152,191,1
153,191,1
154,191,1
155,191,1
156,191,1
157,191,1
158,191,1
159,186,9
159,191,1
160,191,1
161,191,1
162,191,1
163,191,1
164,191,1
165,191,1
166,191,1
167,191,1
168,141,27
168,168,27
168,186,9
168,191,1
169,191,1
170,191,1
171,191,1
172,191,1
173,191,1
174,191,1
175,191,1
176,191,1
177,186,9
177,191,1
178,191,1
179,191,1
180,191,1
181,191,1
182,191,1
183,191,1
184,191,1
185,191,1
186,186,9
186,191,1
187,191,1
188,191,1
189,191,1
190,191,1
191,191,1
192,191,1
193,191,1
194,191,1
195,141,27
195,168,27
195,186,9
195,191,1
196,191,1
197,191,1
198,191,1
199,191,1
200,191,1
201,191,1
202,191,1
203,191,1
204,186,9
204,191,1
205,191,1
206,191,1
207,191,1
208,191,1
209,191,1
210,191,1
211,191,1
212,191,1
213,186,9
213,191,1
214,191,1
215,191,1
216,191,1
217,191,1
218,191,1
219,191,1
220,191,1
221,191,1
222,141,27
222,168,27
222,186,9
222,191,1
223,191,1
224,191,1
225,191,1
226,191,1
227,191,1
228,191,1
229,191,1
230,191,1
231,186,9
231,191,1
232,191,1
233,191,1
234,191,1
235,191,1
236,191,1
237,191,1
238,191,1
239,191,1
240,132,9
240,141,9
240,150,9
240,159,9
240,168,9
240,177,9
240,186,9
240,191,1
241,191,1
242,191,1
243,191,1
244,191,1
245,191,1
246,191,1
247,191,1
248,191,1
249,132,9
249,141,9
249,150,9
249,159,9
249,168,9
249,177,9
249,186,9
249,191,1
250,191,1
251,191,1
252,191,1
253,191,1
254,128,1
254,129,1
254,130,1
254,131,1
254,132,1
254,133,1
254,134,1
254,135,1
254,136,1
254,137,1
254,138,1
254,139,1
254,140,1
254,141,1
254,142,1
254,143,1
254,144,1
254,145,1
254,146,1
254,147,1
254,148,1
254,149,1
254,150,1
254,151,1
254,152,1
254,153,1
254,154,1
254,155,1
254,156,1
254,157,1
254,158,1
254,159,1
254,160,1
254,161,1
254,162,1
254,163,1
254,164,1
254,165,1
254,166,1
254,167,1
254,168,1
254,169,1
254,170,1
254,171,1
254,172,1
254,173,1
254,174,1
254,175,1
254,176,1
254,177,1
254,178,1
254,179,1
254,180,1
254,181,1
254,182,1
254,183,1
254,184,1
254,185,1
254,186,1
254,187,1
254,188,1
254,189,1
254,190,1
254,191,1
255,128,1
255,129,1
255,130,1
255,131,1
255,132,1
255,133,1
255,134,1
255,135,1
255,136,1
255,137,1
255,138,1
255,139,1
255,140,1
255,141,1
255,142,1
255,143,1
255,144,1
255,145,1
255,146,1
255,147,1
255,148,1
255,149,1
255,150,1
255,151,1
255,152,1
255,153,1
255,154,1
255,155,1
255,156,1
255,157,1
255,158,1
255,159,1
255,160,1
255,161,1
255,162,1
255,163,1
255,164,1
255,165,1
255,166,1
255,167,1
255,168,1
255,169,1
255,170,1
255,171,1
255,172,1
255,173,1
255,174,1
255,175,1
255,176,1
255,177,1
255,178,1
255,179,1
255,180,1
255,181,1
255,182,1
255,183,1
255,184,1
255,185,1
255,186,1
255,187,1
255,188,1
255,189,1
255,190,1
255,191,1
512,319,1
513,319,1
514,319,1
515,319,1
516,314,9
516,319,1
517,319,1
518,319,1
519,319,1
520,319,1
521,319,1
522,319,1
523,319,1
524,319,1
525,269,27
525,296,27
525,314,9
525,319,1
526,319,1
527,319,1
528,319,1
529,319,1
530,319,1
531,319,1
532,319,1
533,319,1
534,314,9
534,319,1
535,319,1
536,319,1
537,319,1
538,319,1
539,319,1
540,319,1
541,319,1
542,319,1
543,314,9
543,319,1
544,319,1
545,319,1
546,319,1
547,319,1
548,319,1
549,319,1
550,319,1
551,319,1
552,269,27
552,296,27
552,314,9
552,319,1
553,319,1
554,319,1
555,319,1
556,319,1
557,319,1
558,319,1
559,319,1
560,319,1
561,314,9
561,319,1
562,319,1
563,319,1
564,319,1
565,319,1
566,319,1
567,319,1
568,319,1
569,319,1
570,260,9
570,269,9
570,278,9
570,287,9
570,296,9
570,305,9
570,314,9
570,319,1
571,319,1
572,319,1
573,319,1
574,319,1
575,256,1
575,257,1
575,258,1
575,259,1
575,260,1
575,261,1
575,262,1
575,263,1
575,264,1
575,265,1
575,266,1
575,267,1
575,268,1
575,269,1
575,270,1
575,271,1
575,272,1
575,273,1
575,274,1
575,275,1
575,276,1
575,277,1
575,278,1
575,279,1
575,280,1
575,281,1
575,282,1
575,283,1
575,284,1
575,285,1
575,286,1
575,287,1
575,288,1
575,289,1
575,290,1
575,291,1
575,292,1
575,293,1
575,294,1
575,295,1
575,296,1
575,297,1
575,298,1
575,299,1
575,300,1
575,301,1
575,302,1
575,303,1
575,304,1
575,305,1
575,306,1
575,307,1
575,308,1
575,309,1
575,310,1
575,311,1
575,312,1
575,313,1
575,314,1
575,315,1
575,316,1
575,317,1
575,318,1
575,319,1
576,383,1
577,383,1
578,383,1
579,383,1
580,378,9
580,383,1
581,383,1
582,383,1
583,383,1
584,383,1
585,383,1
586,383,1
587,383,1
588,383,1
589,333,27
589,360,27
589,378,9
589,383,1
590,383,1
591,383,1
592,383,1
593,383,1
594,383,1
595,383,1
596,383,1
597,383,1
598,378,9
598,383,1
599,383,1
600,383,1
601,383,1
602,383,1
603,383,1
604,383,1
605,383,1
606,383,1
607,378,9
607,383,1
608,383,1
609,383,1
610,383,1
611,383,1
612,383,1
613,383,1
614,383,1
615,383,1
616,333,27
616,360,27
616,378,9
616,383,1
617,383,1
618,383,1
619,383,1
620,383,1
621,383,1
622,383,1
623,383,1
624,383,1
625,378,9
625,383,1
626,383,1
627,383,1
628,383,1
629,383,1
630,383,1
631,383,1
632,383,1
633,383,1
634,324,9
634,333,9
634,342,9
634,351,9
634,360,9
634,369,9
634,378,9
634,383,1
635,383,1
636,383,1
637,383,1
638,383,1
639,320,1
639,321,1
639,322,1
639,323,1
639,324,1
639,325,1
639,326,1
639,327,1
639,328,1
639,329,1
639,330,1
639,331,1
639,332,1
639,333,1
639,334,1
639,335,1
639,336,1
639,337,1
639,338,1
639,339,1
639,340,1
639,341,1
639,342,1
639,343,1
639,344,1
639,345,1
639,346,1
639,347,1
639,348,1
639,349,1
639,350,1
639,351,1
639,352,1
639,353,1
639,354,1
639,355,1
639,356,1
639,357,1
639,358,1
639,359,1
639,360,1
639,361,1
639,362,1
639,363,1
639,364,1
639,365,1
639,366,1
639,367,1
639,368,1
639,369,1
639,370,1
639,371,1
639,372,1
639,373,1
639,374,1
639,375,1
639,376,1
639,377,1
639,378,1
639,379,1
639,380,1
639,381,1
639,382,1
639,383,1