1471,3658,27
1471,3712,27
1471,5035,27
1471,5089,27
1498,3658,27
1498,3685,27
1498,5062,27
1498,5089,27
1525,3685,27
1525,3712,27
1525,5035,27
1525,5062,27
1552,3739,27
1552,3766,27
1552,4981,27
1552,5008,27
1579,3766,27
1579,3793,27
1579,4954,27
1579,4981,27
1606,3739,27
1606,3793,27
1606,4954,27
1606,5008,27
1633,3847,27
1633,3874,27
1633,4873,27
1633,4900,27
1660,3820,27
1660,3874,27
1660,4873,27
1660,4927,27
1687,3820,27
1687,3847,27
1687,4900,27
1687,4927,27
1714,3982,27
1714,4009,27
1714,4738,27
1714,4765,27
1741,4009,27
1741,4036,27
1741,4711,27
1741,4738,27
1768,3982,27
1768,4036,27
1768,4711,27
1768,4765,27
1795,4063,27
1795,4117,27
1795,4630,27
1795,4684,27
1822,4063,27
1822,4090,27
1822,4657,27
1822,4684,27
1849,4090,27
1849,4117,27
1849,4630,27
1849,4657,27
1876,3901,27
1876,3955,27
1876,4792,27
1876,4846,27
1903,3901,27
1903,3928,27
1903,4819,27
1903,4846,27
1930,3928,27
1930,3955,27
1930,4792,27
1930,4819,27
1957,4171,27
1957,4198,27
1957,4549,27
1957,4576,27
1984,4144,27
1984,4198,27
1984,4549,27
1984,4603,27
2011,4144,27
2011,4171,27
2011,4576,27
2011,4603,27
2038,4252,27
2038,4279,27
2038,4468,27
2038,4495,27
2065,4225,27
2065,4279,27
2065,4468,27
2065,4522,27
2092,4225,27
2092,4252,27
2092,4495,27
2092,4522,27
2119,4333,27
2119,4360,27
2119,4387,27
2119,4414,27
2146,4306,27
2146,4360,27
2146,4387,27
2146,4441,27
2173,4306,27
2173,4333,27
2173,4414,27
2173,4441,27