192,30,1
192,31,1
193,28,3
193,30,1
193,31,1
194,30,1
194,31,1
195,30,1
195,31,1
196,28,3
196,30,1
196,31,1
197,30,1
197,31,1
198,30,1
198,31,1
199,28,3
199,30,1
199,31,1
200,30,1
200,31,1
201,30,1
201,31,1
202,28,3
202,30,1
202,31,1
203,30,1
203,31,1
204,30,1
204,31,1
205,13,27
205,28,3
205,30,1
205,31,1
206,30,1
206,31,1
207,30,1
207,31,1
208,28,3
208,30,1
208,31,1
209,30,1
209,31,1
210,30,1
210,31,1
211,28,3
211,30,1
211,31,1
212,30,1
212,31,1
213,30,1
213,31,1
214,28,3
214,30,1
214,31,1
215,30,1
215,31,1
216,30,1
216,31,1
217,28,3
217,30,1
217,31,1
218,30,1
218,31,1
219,30,1
219,31,1
220,28,3
220,30,1
220,31,1
221,30,1
221,31,1
222,30,1
222,31,1
223,28,3
223,30,1
223,31,1
224,30,1
224,31,1
225,30,1
225,31,1
226,28,3
226,30,1
226,31,1
227,30,1
227,31,1
228,30,1
228,31,1
229,28,3
229,30,1
229,31,1
230,30,1
230,31,1
231,30,1
231,31,1
232,13,27
232,28,3
232,30,1
232,31,1
233,30,1
233,31,1
234,30,1
234,31,1
235,28,3
235,30,1
235,31,1
236,30,1
236,31,1
237,30,1
237,31,1
238,28,3
238,30,1
238,31,1
239,30,1
239,31,1
240,30,1
240,31,1
241,28,3
241,30,1
241,31,1
242,30,1
242,31,1
243,30,1
243,31,1
244,28,3
244,30,1
244,31,1
245,30,1
245,31,1
246,30,1
246,31,1
247,28,3
247,30,1
247,31,1
248,30,1
248,31,1
249,30,1
249,31,1
250,4,9
250,13,9
250,22,9
250,28,3
250,30,1
250,31,1
251,30,1
251,31,1
252,30,1
252,31,1
253,28,3
253,30,1
253,31,1
254,30,1
254,31,1
255,0,1
255,1,1
255,2,1
255,3,1
255,4,1
255,5,1
255,6,1
255,7,1
255,8,1
255,9,1
255,10,1
255,11,1
255,12,1
255,13,1
255,14,1
255,15,1
255,16,1
255,17,1
255,18,1
255,19,1
255,20,1
255,21,1
255,22,1
255,23,1
255,24,1
255,25,1
255,26,1
255,27,1
255,28,1
255,29,1
255,30,1
255,31,1