163,139,3
163,142,3
163,181,3
163,184,3
166,139,3
166,142,3
166,181,3
166,184,3
169,139,3
169,142,3
169,181,3
169,184,3
172,136,3
172,142,3
172,181,3
172,187,3
175,136,3
175,142,3
175,181,3
175,187,3
178,136,3
178,142,3
178,181,3
178,187,3
181,136,3
181,139,3
181,184,3
181,187,3
184,136,3
184,139,3
184,184,3
184,187,3
187,136,3
187,139,3
187,184,3
187,187,3
190,145,3
190,151,3
190,172,3
190,178,3
193,145,3
193,151,3
193,172,3
193,178,3
196,145,3
196,151,3
196,172,3
196,178,3
199,145,3
199,148,3
199,175,3
199,178,3
202,145,3
202,148,3
202,175,3
202,178,3
205,145,3
205,148,3
205,175,3
205,178,3
208,148,3
208,151,3
208,172,3
208,175,3
211,148,3
211,151,3
211,172,3
211,175,3
214,148,3
214,151,3
214,172,3
214,175,3
217,166,3
220,160,9
220,166,3
223,166,3
226,154,3
226,160,3
226,163,3
226,169,3
229,154,3
229,160,3
229,163,3
229,169,3
232,154,3
232,160,3
232,163,3
232,169,3
235,154,3
235,157,3
235,166,3
235,169,3
238,154,3
238,157,3
238,166,3
238,169,3
241,154,3
241,157,3
241,166,3
241,169,3
3280,1093,2187
3280,3280,2187
3280,5467,2187