0,511,1
1,509,3
1,511,1
2,511,1
3,511,1
4,503,9
4,509,3
4,511,1
5,511,1
6,511,1
7,509,3
7,511,1
8,511,1
9,511,1
10,509,3
10,511,1
11,511,1
12,511,1
13,503,9
13,509,3
13,511,1
14,511,1
15,511,1
16,509,3
16,511,1
17,511,1
18,511,1
19,509,3
19,511,1
20,511,1
21,511,1
22,503,9
22,509,3
22,511,1
23,511,1
24,511,1
25,509,3
25,511,1
26,511,1
27,511,1
28,509,3
28,511,1
29,511,1
30,511,1
31,503,9
31,509,3
31,511,1
32,511,1
33,511,1
34,509,3
34,511,1
35,511,1
36,511,1
37,509,3
37,511,1
38,511,1
39,511,1
40,503,9
40,509,3
40,511,1
41,511,1
42,511,1
43,509,3
43,511,1
44,511,1
45,511,1
46,509,3
46,511,1
47,511,1
48,511,1
49,503,9
49,509,3
49,511,1
50,511,1
51,511,1
52,509,3
52,511,1
53,511,1
54,511,1
55,509,3
55,511,1
56,511,1
57,511,1
58,503,9
58,509,3
58,511,1
59,511,1
60,511,1
61,509,3
61,511,1
62,511,1
63,511,1
64,509,3
64,511,1
65,511,1
66,511,1
67,503,9
67,509,3
67,511,1
68,511,1
69,511,1
70,509,3
70,511,1
71,511,1
72,511,1
73,509,3
73,511,1
74,511,1
75,511,1
76,503,9
76,509,3
76,511,1
77,511,1
78,511,1
79,509,3
79,511,1
80,511,1
81,511,1
82,509,3
82,511,1
83,511,1
84,511,1
85,503,9
85,509,3
85,511,1
86,511,1
87,511,1
88,509,3
88,511,1
89,511,1
90,511,1
91,509,3
91,511,1
92,511,1
93,511,1
94,503,9
94,509,3
94,511,1
95,511,1
96,511,1
97,509,3
97,511,1
98,511,1
99,511,1
100,509,3
100,511,1
101,511,1
102,511,1
103,503,9
103,509,3
103,511,1
104,511,1
105,511,1
106,509,3
106,511,1
107,511,1
108,511,1
109,509,3
109,511,1
110,511,1
111,511,1
112,503,9
112,509,3
112,511,1
113,511,1
114,511,1
115,509,3
115,511,1
116,511,1
117,511,1
118,509,3
118,511,1
119,511,1
120,511,1
121,377,243
121,503,9
121,509,3
121,511,1
122,511,1
123,511,1
124,509,3
124,511,1
125,511,1
126,511,1
127,509,3
127,511,1
128,511,1
129,511,1
130,503,9
130,509,3
130,511,1
131,511,1
132,511,1
133,509,3
133,511,1
134,511,1
135,511,1
136,509,3
136,511,1
137,511,1
138,511,1
139,503,9
139,509,3
139,511,1
140,511,1
141,511,1
142,509,3
142,511,1
143,511,1
144,511,1
145,509,3
145,511,1
146,511,1
147,511,1
148,503,9
148,509,3
148,511,1
149,511,1
150,511,1
151,509,3
151,511,1
152,511,1
153,511,1
154,509,3
154,511,1
155,511,1
156,511,1
157,503,9
157,509,3
157,511,1
158,511,1
159,511,1
160,509,3
160,511,1
161,511,1
162,511,1
163,509,3
163,511,1
164,511,1
165,511,1
166,503,9
166,509,3
166,511,1
167,511,1
168,511,1
169,509,3
169,511,1
170,511,1
171,511,1
172,509,3
172,511,1
173,511,1
174,511,1
175,503,9
175,509,3
175,511,1
176,511,1
177,511,1
178,509,3
178,511,1
179,511,1
180,511,1
181,509,3
181,511,1
182,511,1
183,511,1
184,503,9
184,509,3
184,511,1
185,511,1
186,511,1
187,509,3
187,511,1
188,511,1
189,511,1
190,509,3
190,511,1
191,511,1
192,511,1
193,503,9
193,509,3
193,511,1
194,511,1
195,511,1
196,509,3
196,511,1
197,511,1
198,511,1
199,509,3
199,511,1
200,511,1
201,511,1
202,503,9
202,509,3
202,511,1
203,511,1
204,511,1
205,509,3
205,511,1
206,511,1
207,511,1
208,509,3
208,511,1
209,511,1
210,511,1
211,503,9
211,509,3
211,511,1
212,511,1
213,511,1
214,509,3
214,511,1
215,511,1
216,511,1
217,509,3
217,511,1
218,511,1
219,511,1
220,503,9
220,509,3
220,511,1
221,511,1
222,511,1
223,509,3
223,511,1
224,511,1
225,511,1
226,509,3
226,511,1
227,511,1
228,511,1
229,503,9
229,509,3
229,511,1
230,511,1
231,511,1
232,509,3
232,511,1
233,511,1
234,511,1
235,509,3
235,511,1
236,511,1
237,511,1
238,503,9
238,509,3
238,511,1
239,511,1
240,511,1
241,509,3
241,511,1
242,511,1
243,511,1
244,509,3
244,511,1
245,511,1
246,511,1
247,503,9
247,509,3
247,511,1
248,511,1
249,511,1
250,509,3
250,511,1
251,511,1
252,511,1
253,509,3
253,511,1
254,511,1
255,511,1
256,503,9
256,509,3
256,511,1
257,511,1
258,511,1
259,509,3
259,511,1
260,511,1
261,511,1
262,509,3
262,511,1
263,511,1
264,511,1
265,503,9
265,509,3
265,511,1
266,511,1
267,511,1
268,509,3
268,511,1
269,511,1
270,511,1
271,509,3
271,511,1
272,511,1
273,511,1
274,503,9
274,509,3
274,511,1
275,511,1
276,511,1
277,509,3
277,511,1
278,511,1
279,511,1
280,509,3
280,511,1
281,511,1
282,511,1
283,503,9
283,509,3
283,511,1
284,511,1
285,511,1
286,509,3
286,511,1
287,511,1
288,511,1
289,509,3
289,511,1
290,511,1
291,511,1
292,503,9
292,509,3
292,511,1
293,511,1
294,511,1
295,509,3
295,511,1
296,511,1
297,511,1
298,509,3
298,511,1
299,511,1
300,511,1
301,503,9
301,509,3
301,511,1
302,511,1
303,511,1
304,509,3
304,511,1
305,511,1
306,511,1
307,509,3
307,511,1
308,511,1
309,511,1
310,503,9
310,509,3
310,511,1
311,511,1
312,511,1
313,509,3
313,511,1
314,511,1
315,511,1
316,509,3
316,511,1
317,511,1
318,511,1
319,503,9
319,509,3
319,511,1
320,511,1
321,511,1
322,509,3
322,511,1
323,511,1
324,511,1
325,509,3
325,511,1
326,511,1
327,511,1
328,503,9
328,509,3
328,511,1
329,511,1
330,511,1
331,509,3
331,511,1
332,511,1
333,511,1
334,509,3
334,511,1
335,511,1
336,511,1
337,503,9
337,509,3
337,511,1
338,511,1
339,511,1
340,509,3
340,511,1
341,511,1
342,511,1
343,509,3
343,511,1
344,511,1
345,511,1
346,503,9
346,509,3
346,511,1
347,511,1
348,511,1
349,509,3
349,511,1
350,511,1
351,511,1
352,509,3
352,511,1
353,511,1
354,511,1
355,503,9
355,509,3
355,511,1
356,511,1
357,511,1
358,509,3
358,511,1
359,511,1
360,511,1
361,509,3
361,511,1
362,511,1
363,511,1
364,377,243
364,503,9
364,509,3
364,511,1
365,511,1
366,511,1
367,509,3
367,511,1
368,511,1
369,511,1
370,509,3
370,511,1
371,511,1
372,511,1
373,503,9
373,509,3
373,511,1
374,511,1
375,511,1
376,509,3
376,511,1
377,511,1
378,511,1
379,509,3
379,511,1
380,511,1
381,511,1
382,503,9
382,509,3
382,511,1
383,511,1
384,511,1
385,509,3
385,511,1
386,511,1
387,511,1
388,509,3
388,511,1
389,511,1
390,511,1
391,503,9
391,509,3
391,511,1
392,511,1
393,511,1
394,509,3
394,511,1
395,511,1
396,511,1
397,509,3
397,511,1
398,511,1
399,511,1
400,503,9
400,509,3
400,511,1
401,511,1
402,511,1
403,509,3
403,511,1
404,511,1
405,511,1
406,509,3
406,511,1
407,511,1
408,511,1
409,503,9
409,509,3
409,511,1
410,511,1
411,511,1
412,509,3
412,511,1
413,511,1
414,511,1
415,509,3
415,511,1
416,511,1
417,511,1
418,503,9
418,509,3
418,511,1
419,511,1
420,511,1
421,509,3
421,511,1
422,511,1
423,511,1
424,509,3
424,511,1
425,511,1
426,511,1
427,503,9
427,509,3
427,511,1
428,511,1
429,511,1
430,509,3
430,511,1
431,511,1
432,511,1
433,509,3
433,511,1
434,511,1
435,511,1
436,503,9
436,509,3
436,511,1
437,511,1
438,511,1
439,509,3
439,511,1
440,511,1
441,511,1
442,509,3
442,511,1
443,511,1
444,511,1
445,503,9
445,509,3
445,511,1
446,511,1
447,511,1
448,509,3
448,511,1
449,511,1
450,511,1
451,509,3
451,511,1
452,511,1
453,511,1
454,503,9
454,509,3
454,511,1
455,511,1
456,511,1
457,509,3
457,511,1
458,511,1
459,511,1
460,509,3
460,511,1
461,511,1
462,511,1
463,503,9
463,509,3
463,511,1
464,511,1
465,511,1
466,509,3
466,511,1
467,511,1
468,511,1
469,509,3
469,511,1
470,511,1
471,511,1
472,503,9
472,509,3
472,511,1
473,511,1
474,511,1
475,509,3
475,511,1
476,511,1
477,511,1
478,509,3
478,511,1
479,511,1
480,511,1
481,503,9
481,509,3
481,511,1
482,511,1
483,511,1
484,509,3
484,511,1
485,511,1
486,511,1
487,509,3
487,511,1
488,511,1
489,511,1
490,260,9
490,269,9
490,278,9
490,287,9
490,296,9
490,305,9
490,314,9
490,323,9
490,332,9
490,341,9
490,350,9
490,359,9
490,368,9
490,377,9
490,386,9
490,395,9
490,404,9
490,413,9
490,422,9
490,431,9
490,440,9
490,449,9
490,458,9
490,467,9
490,476,9
490,485,9
490,494,9
490,503,9
490,509,3
490,511,1
491,511,1
492,511,1
493,509,3
493,511,1
494,511,1
495,511,1
496,509,3
496,511,1
497,511,1
498,511,1
499,260,9
499,269,9
499,278,9
499,287,9
499,296,9
499,305,9
499,314,9
499,323,9
499,332,9
499,341,9
499,350,9
499,359,9
499,368,9
499,377,9
499,386,9
499,395,9
499,404,9
499,413,9
499,422,9
499,431,9
499,440,9
499,449,9
499,458,9
499,467,9
499,476,9
499,485,9
499,494,9
499,503,9
499,509,3
499,511,1
500,511,1
501,511,1
502,509,3
502,511,1
503,511,1
504,511,1
505,257,3
505,260,3
505,263,3
505,266,3
505,269,3
505,272,3
505,275,3
505,278,3
505,281,3
505,284,3
505,287,3
505,290,3
505,293,3
505,296,3
505,299,3
505,302,3
505,305,3
505,308,3
505,311,3
505,314,3
505,317,3
505,320,3
505,323,3
505,326,3
505,329,3
505,332,3
505,335,3
505,338,3
505,341,3
505,344,3
505,347,3
505,350,3
505,353,3
505,356,3
505,359,3
505,362,3
505,365,3
505,368,3
505,371,3
505,374,3
505,377,3
505,380,3
505,383,3
505,386,3
505,389,3
505,392,3
505,395,3
505,398,3
505,401,3
505,404,3
505,407,3
505,410,3
505,413,3
505,416,3
505,419,3
505,422,3
505,425,3
505,428,3
505,431,3
505,434,3
505,437,3
505,440,3
505,443,3
505,446,3
505,449,3
505,452,3
505,455,3
505,458,3
505,461,3
505,464,3
505,467,3
505,470,3
505,473,3
505,476,3
505,479,3
505,482,3
505,485,3
505,488,3
505,491,3
505,494,3
505,497,3
505,500,3
505,503,3
505,506,3
505,509,3
505,511,1
506,511,1
507,511,1
508,257,3
508,260,3
508,263,3
508,266,3
508,269,3
508,272,3
508,275,3
508,278,3
508,281,3
508,284,3
508,287,3
508,290,3
508,293,3
508,296,3
508,299,3
508,302,3
508,305,3
508,308,3
508,311,3
508,314,3
508,317,3
508,320,3
508,323,3
508,326,3
508,329,3
508,332,3
508,335,3
508,338,3
508,341,3
508,344,3
508,347,3
508,350,3
508,353,3
508,356,3
508,359,3
508,362,3
508,365,3
508,368,3
508,371,3
508,374,3
508,377,3
508,380,3
508,383,3
508,386,3
508,389,3
508,392,3
508,395,3
508,398,3
508,401,3
508,404,3
508,407,3
508,410,3
508,413,3
508,416,3
508,419,3
508,422,3
508,425,3
508,428,3
508,431,3
508,434,3
508,437,3
508,440,3
508,443,3
508,446,3
508,449,3
508,452,3
508,455,3
508,458,3
508,461,3
508,464,3
508,467,3
508,470,3
508,473,3
508,476,3
508,479,3
508,482,3
508,485,3
508,488,3
508,491,3
508,494,3
508,497,3
508,500,3
508,503,3
508,506,3
508,509,3
508,511,1
509,511,1
510,256,1
510,257,1
510,258,1
510,259,1
510,260,1
510,261,1
510,262,1
510,263,1
510,264,1
510,265,1
510,266,1
510,267,1
510,268,1
510,269,1
510,270,1
510,271,1
510,272,1
510,273,1
510,274,1
510,275,1
510,276,1
510,277,1
510,278,1
510,279,1
510,280,1
510,281,1
510,282,1
510,283,1
510,284,1
510,285,1
510,286,1
510,287,1
510,288,1
510,289,1
510,290,1
510,291,1
510,292,1
510,293,1
510,294,1
510,295,1
510,296,1
510,297,1
510,298,1
510,299,1
510,300,1
510,301,1
510,302,1
510,303,1
510,304,1
510,305,1
510,306,1
510,307,1
510,308,1
510,309,1
510,310,1
510,311,1
510,312,1
510,313,1
510,314,1
510,315,1
510,316,1
510,317,1
510,318,1
510,319,1
510,320,1
510,321,1
510,322,1
510,323,1
510,324,1
510,325,1
510,326,1
510,327,1
510,328,1
510,329,1
510,330,1
510,331,1
510,332,1
510,333,1
510,334,1
510,335,1
510,336,1
510,337,1
510,338,1
510,339,1
510,340,1
510,341,1
510,342,1
510,343,1
510,344,1
510,345,1
510,346,1
510,347,1
510,348,1
510,349,1
510,350,1
510,351,1
510,352,1
510,353,1
510,354,1
510,355,1
510,356,1
510,357,1
510,358,1
510,359,1
510,360,1
510,361,1
510,362,1
510,363,1
510,364,1
510,365,1
510,366,1
510,367,1
510,368,1
510,369,1
510,370,1
510,371,1
510,372,1
510,373,1
510,374,1
510,375,1
510,376,1
510,377,1
510,378,1
510,379,1
510,380,1
510,381,1
510,382,1
510,383,1
510,384,1
510,385,1
510,386,1
510,387,1
510,388,1
510,389,1
510,390,1
510,391,1
510,392,1
510,393,1
510,394,1
510,395,1
510,396,1
510,397,1
510,398,1
510,399,1
510,400,1
510,401,1
510,402,1
510,403,1
510,404,1
510,405,1
510,406,1
510,407,1
510,408,1
510,409,1
510,410,1
510,411,1
510,412,1
510,413,1
510,414,1
510,415,1
510,416,1
510,417,1
510,418,1
510,419,1
510,420,1
510,421,1
510,422,1
510,423,1
510,424,1
510,425,1
510,426,1
510,427,1
510,428,1
510,429,1
510,430,1
510,431,1
510,432,1
510,433,1
510,434,1
510,435,1
510,436,1
510,437,1
510,438,1
510,439,1
510,440,1
510,441,1
510,442,1
510,443,1
510,444,1
510,445,1
510,446,1
510,447,1
510,448,1
510,449,1
510,450,1
510,451,1
510,452,1
510,453,1
510,454,1
510,455,1
510,456,1
510,457,1
510,458,1
510,459,1
510,460,1
510,461,1
510,462,1
510,463,1
510,464,1
510,465,1
510,466,1
510,467,1
510,468,1
510,469,1
510,470,1
510,471,1
510,472,1
510,473,1
510,474,1
510,475,1
510,476,1
510,477,1
510,478,1
510,479,1
510,480,1
510,481,1
510,482,1
510,483,1
510,484,1
510,485,1
510,486,1
510,487,1
510,488,1
510,489,1
510,490,1
510,491,1
510,492,1
510,493,1
510,494,1
510,495,1
510,496,1
510,497,1
510,498,1
510,499,1
510,500,1
510,501,1
510,502,1
510,503,1
510,504,1
510,505,1
510,506,1
510,507,1
510,508,1
510,509,1
510,510,1
510,511,1
511,256,1
511,257,1
511,258,1
511,259,1
511,260,1
511,261,1
511,262,1
511,263,1
511,264,1
511,265,1
511,266,1
511,267,1
511,268,1
511,269,1
511,270,1
511,271,1
511,272,1
511,273,1
511,274,1
511,275,1
511,276,1
511,277,1
511,278,1
511,279,1
511,280,1
511,281,1
511,282,1
511,283,1
511,284,1
511,285,1
511,286,1
511,287,1
511,288,1
511,289,1
511,290,1
511,291,1
511,292,1
511,293,1
511,294,1
511,295,1
511,296,1
511,297,1
511,298,1
511,299,1
511,300,1
511,301,1
511,302,1
511,303,1
511,304,1
511,305,1
511,306,1
511,307,1
511,308,1
511,309,1
511,310,1
511,311,1
511,312,1
511,313,1
511,314,1
511,315,1
511,316,1
511,317,1
511,318,1
511,319,1
511,320,1
511,321,1
511,322,1
511,323,1
511,324,1
511,325,1
511,326,1
511,327,1
511,328,1
511,329,1
511,330,1
511,331,1
511,332,1
511,333,1
511,334,1
511,335,1
511,336,1
511,337,1
511,338,1
511,339,1
511,340,1
511,341,1
511,342,1
511,343,1
511,344,1
511,345,1
511,346,1
511,347,1
511,348,1
511,349,1
511,350,1
511,351,1
511,352,1
511,353,1
511,354,1
511,355,1
511,356,1
511,357,1
511,358,1
511,359,1
511,360,1
511,361,1
511,362,1
511,363,1
511,364,1
511,365,1
511,366,1
511,367,1
511,368,1
511,369,1
511,370,1
511,371,1
511,372,1
511,373,1
511,374,1
511,375,1
511,376,1
511,377,1
511,378,1
511,379,1
511,380,1
511,381,1
511,382,1
511,383,1
511,384,1
511,385,1
511,386,1
511,387,1
511,388,1
511,389,1
511,390,1
511,391,1
511,392,1
511,393,1
511,394,1
511,395,1
511,396,1
511,397,1
511,398,1
511,399,1
511,400,1
511,401,1
511,402,1
511,403,1
511,404,1
511,405,1
511,406,1
511,407,1
511,408,1
511,409,1
511,410,1
511,411,1
511,412,1
511,413,1
511,414,1
511,415,1
511,416,1
511,417,1
511,418,1
511,419,1
511,420,1
511,421,1
511,422,1
511,423,1
511,424,1
511,425,1
511,426,1
511,427,1
511,428,1
511,429,1
511,430,1
511,431,1
511,432,1
511,433,1
511,434,1
511,435,1
511,436,1
511,437,1
511,438,1
511,439,1
511,440,1
511,441,1
511,442,1
511,443,1
511,444,1
511,445,1
511,446,1
511,447,1
511,448,1
511,449,1
511,450,1
511,451,1
511,452,1
511,453,1
511,454,1
511,455,1
511,456,1
511,457,1
511,458,1
511,459,1
511,460,1
511,461,1
511,462,1
511,463,1
511,464,1
511,465,1
511,466,1
511,467,1
511,468,1
511,469,1
511,470,1
511,471,1
511,472,1
511,473,1
511,474,1
511,475,1
511,476,1
511,477,1
511,478,1
511,479,1
511,480,1
511,481,1
511,482,1
511,483,1
511,484,1
511,485,1
511,486,1
511,487,1
511,488,1
511,489,1
511,490,1
511,491,1
511,492,1
511,493,1
511,494,1
511,495,1
511,496,1
511,497,1
511,498,1
511,499,1
511,500,1
511,501,1
511,502,1
511,503,1
511,504,1
511,505,1
511,506,1
511,507,1
511,508,1
511,509,1
511,510,1
511,511,1
512,255,1
513,253,3
513,255,1
514,255,1
515,255,1
516,247,9
516,253,3
516,255,1
517,255,1
518,255,1
519,253,3
519,255,1
520,255,1
521,255,1
522,253,3
522,255,1
523,255,1
524,255,1
525,247,9
525,253,3
525,255,1
526,255,1
527,255,1
528,253,3
528,255,1
529,255,1
530,255,1
531,253,3
531,255,1
532,255,1
533,255,1
534,247,9
534,253,3
534,255,1
535,255,1
536,255,1
537,253,3
537,255,1
538,255,1
539,255,1
540,253,3
540,255,1
541,255,1
542,255,1
543,247,9
543,253,3
543,255,1
544,255,1
545,255,1
546,253,3
546,255,1
547,255,1
548,255,1
549,253,3
549,255,1
550,255,1
551,255,1
552,247,9
552,253,3
552,255,1
553,255,1
554,255,1
555,253,3
555,255,1
556,255,1
557,255,1
558,253,3
558,255,1
559,255,1
560,255,1
561,247,9
561,253,3
561,255,1
562,255,1
563,255,1
564,253,3
564,255,1
565,255,1
566,255,1
567,253,3
567,255,1
568,255,1
569,255,1
570,247,9
570,253,3
570,255,1
571,255,1
572,255,1
573,253,3
573,255,1
574,255,1
575,255,1
576,253,3
576,255,1
577,255,1
578,255,1
579,247,9
579,253,3
579,255,1
580,255,1
581,255,1
582,253,3
582,255,1
583,255,1
584,255,1
585,253,3
585,255,1
586,255,1
587,255,1
588,247,9
588,253,3
588,255,1
589,255,1
590,255,1
591,253,3
591,255,1
592,255,1
593,255,1
594,253,3
594,255,1
595,255,1
596,255,1
597,247,9
597,253,3
597,255,1
598,255,1
599,255,1
600,253,3
600,255,1
601,255,1
602,255,1
603,253,3
603,255,1
604,255,1
605,255,1
606,247,9
606,253,3
606,255,1
607,255,1
608,255,1
609,253,3
609,255,1
610,255,1
611,255,1
612,253,3
612,255,1
613,255,1
614,255,1
615,247,9
615,253,3
615,255,1
616,255,1
617,255,1
618,253,3
618,255,1
619,255,1
620,255,1
621,253,3
621,255,1
622,255,1
623,255,1
624,247,9
624,253,3
624,255,1
625,255,1
626,255,1
627,253,3
627,255,1
628,255,1
629,255,1
630,253,3
630,255,1
631,255,1
632,255,1
633,121,243
633,247,9
633,253,3
633,255,1
634,255,1
635,255,1
636,253,3
636,255,1
637,255,1
638,255,1
639,253,3
639,255,1
640,255,1
641,255,1
642,247,9
642,253,3
642,255,1
643,255,1
644,255,1
645,253,3
645,255,1
646,255,1
647,255,1
648,253,3
648,255,1
649,255,1
650,255,1
651,247,9
651,253,3
651,255,1
652,255,1
653,255,1
654,253,3
654,255,1
655,255,1
656,255,1
657,253,3
657,255,1
658,255,1
659,255,1
660,247,9
660,253,3
660,255,1
661,255,1
662,255,1
663,253,3
663,255,1
664,255,1
665,255,1
666,253,3
666,255,1
667,255,1
668,255,1
669,247,9
669,253,3
669,255,1
670,255,1
671,255,1
672,253,3
672,255,1
673,255,1
674,255,1
675,253,3
675,255,1
676,255,1
677,255,1
678,247,9
678,253,3
678,255,1
679,255,1
680,255,1
681,253,3
681,255,1
682,255,1
683,255,1
684,253,3
684,255,1
685,255,1
686,255,1
687,247,9
687,253,3
687,255,1
688,255,1
689,255,1
690,253,3
690,255,1
691,255,1
692,255,1
693,253,3
693,255,1
694,255,1
695,255,1
696,247,9
696,253,3
696,255,1
697,255,1
698,255,1
699,253,3
699,255,1
700,255,1
701,255,1
702,253,3
702,255,1
703,255,1
704,255,1
705,247,9
705,253,3
705,255,1
706,255,1
707,255,1
708,253,3
708,255,1
709,255,1
710,255,1
711,253,3
711,255,1
712,255,1
713,255,1
714,247,9
714,253,3
714,255,1
715,255,1
716,255,1
717,253,3
717,255,1
718,255,1
719,255,1
720,253,3
720,255,1
721,255,1
722,255,1
723,247,9
723,253,3
723,255,1
724,255,1
725,255,1
726,253,3
726,255,1
727,255,1
728,255,1
729,253,3
729,255,1
730,255,1
731,255,1
732,247,9
732,253,3
732,255,1
733,255,1
734,255,1
735,253,3
735,255,1
736,255,1
737,255,1
738,253,3
738,255,1
739,255,1
740,255,1
741,247,9
741,253,3
741,255,1
742,255,1
743,255,1
744,253,3
744,255,1
745,255,1
746,255,1
747,253,3
747,255,1
748,255,1
749,255,1
750,247,9
750,253,3
750,255,1
751,255,1
752,255,1
753,253,3
753,255,1
754,255,1
755,255,1
756,253,3
756,255,1
757,255,1
758,255,1
759,4,9
759,13,9
759,22,9
759,31,9
759,40,9
759,49,9
759,58,9
759,67,9
759,76,9
759,85,9
759,94,9
759,103,9
759,112,9
759,121,9
759,130,9
759,139,9
759,148,9
759,157,9
759,166,9
759,175,9
759,184,9
759,193,9
759,202,9
759,211,9
759,220,9
759,229,9
759,238,9
759,247,9
759,253,3
759,255,1
760,255,1
761,255,1
762,253,3
762,255,1
763,255,1
764,255,1
765,1,3
765,4,3
765,7,3
765,10,3
765,13,3
765,16,3
765,19,3
765,22,3
765,25,3
765,28,3
765,31,3
765,34,3
765,37,3
765,40,3
765,43,3
765,46,3
765,49,3
765,52,3
765,55,3
765,58,3
765,61,3
765,64,3
765,67,3
765,70,3
765,73,3
765,76,3
765,79,3
765,82,3
765,85,3
765,88,3
765,91,3
765,94,3
765,97,3
765,100,3
765,103,3
765,106,3
765,109,3
765,112,3
765,115,3
765,118,3
765,121,3
765,124,3
765,127,3
765,130,3
765,133,3
765,136,3
765,139,3
765,142,3
765,145,3
765,148,3
765,151,3
765,154,3
765,157,3
765,160,3
765,163,3
765,166,3
765,169,3
765,172,3
765,175,3
765,178,3
765,181,3
765,184,3
765,187,3
765,190,3
765,193,3
765,196,3
765,199,3
765,202,3
765,205,3
765,208,3
765,211,3
765,214,3
765,217,3
765,220,3
765,223,3
765,226,3
765,229,3
765,232,3
765,235,3
765,238,3
765,241,3
765,244,3
765,247,3
765,250,3
765,253,3
765,255,1
766,255,1
767,0,1
767,1,1
767,2,1
767,3,1
767,4,1
767,5,1
767,6,1
767,7,1
767,8,1
767,9,1
767,10,1
767,11,1
767,12,1
767,13,1
767,14,1
767,15,1
767,16,1
767,17,1
767,18,1
767,19,1
767,20,1
767,21,1
767,22,1
767,23,1
767,24,1
767,25,1
767,26,1
767,27,1
767,28,1
767,29,1
767,30,1
767,31,1
767,32,1
767,33,1
767,34,1
767,35,1
767,36,1
767,37,1
767,38,1
767,39,1
767,40,1
767,41,1
767,42,1
767,43,1
767,44,1
767,45,1
767,46,1
767,47,1
767,48,1
767,49,1
767,50,1
767,51,1
767,52,1
767,53,1
767,54,1
767,55,1
767,56,1
767,57,1
767,58,1
767,59,1
767,60,1
767,61,1
767,62,1
767,63,1
767,64,1
767,65,1
767,66,1
767,67,1
767,68,1
767,69,1
767,70,1
767,71,1
767,72,1
767,73,1
767,74,1
767,75,1
767,76,1
767,77,1
767,78,1
767,79,1
767,80,1
767,81,1
767,82,1
767,83,1
767,84,1
767,85,1
767,86,1
767,87,1
767,88,1
767,89,1
767,90,1
767,91,1
767,92,1
767,93,1
767,94,1
767,95,1
767,96,1
767,97,1
767,98,1
767,99,1
767,100,1
767,101,1
767,102,1
767,103,1
767,104,1
767,105,1
767,106,1
767,107,1
767,108,1
767,109,1
767,110,1
767,111,1
767,112,1
767,113,1
767,114,1
767,115,1
767,116,1
767,117,1
767,118,1
767,119,1
767,120,1
767,121,1
767,122,1
767,123,1
767,124,1
767,125,1
767,126,1
767,127,1
767,128,1
767,129,1
767,130,1
767,131,1
767,132,1
767,133,1
767,134,1
767,135,1
767,136,1
767,137,1
767,138,1
767,139,1
767,140,1
767,141,1
767,142,1
767,143,1
767,144,1
767,145,1
767,146,1
767,147,1
767,148,1
767,149,1
767,150,1
767,151,1
767,152,1
767,153,1
767,154,1
767,155,1
767,156,1
767,157,1
767,158,1
767,159,1
767,160,1
767,161,1
767,162,1
767,163,1
767,164,1
767,165,1
767,166,1
767,167,1
767,168,1
767,169,1
767,170,1
767,171,1
767,172,1
767,173,1
767,174,1
767,175,1
767,176,1
767,177,1
767,178,1
767,179,1
767,180,1
767,181,1
767,182,1
767,183,1
767,184,1
767,185,1
767,186,1
767,187,1
767,188,1
767,189,1
767,190,1
767,191,1
767,192,1
767,193,1
767,194,1
767,195,1
767,196,1
767,197,1
767,198,1
767,199,1
767,200,1
767,201,1
767,202,1
767,203,1
767,204,1
767,205,1
767,206,1
767,207,1
767,208,1
767,209,1
767,210,1
767,211,1
767,212,1
767,213,1
767,214,1
767,215,1
767,216,1
767,217,1
767,218,1
767,219,1
767,220,1
767,221,1
767,222,1
767,223,1
767,224,1
767,225,1
767,226,1
767,227,1
767,228,1
767,229,1
767,230,1
767,231,1
767,232,1
767,233,1
767,234,1
767,235,1
767,236,1
767,237,1
767,238,1
767,239,1
767,240,1
767,241,1
767,242,1
767,243,1
767,244,1
767,245,1
767,246,1
767,247,1
767,248,1
767,249,1
767,250,1
767,251,1
767,252,1
767,253,1
767,254,1
767,255,1