160,43,1
160,52,1
161,43,1
161,52,1
162,42,1
162,53,1
163,42,1
163,53,1
164,41,1
164,54,1
165,41,1
165,54,1
166,40,1
166,55,1
167,40,1
167,55,1
168,45,1
168,50,1
169,45,1
169,50,1
170,44,1
170,51,1
171,44,1
171,51,1
172,46,1
172,49,1
173,46,1
173,49,1
174,47,1
174,48,1
175,47,1
175,48,1
176,39,1
176,56,1
177,39,1
177,56,1
178,38,1
178,57,1
179,38,1
179,57,1
180,37,1
180,58,1
181,37,1
181,58,1
182,36,1
182,59,1
183,36,1
183,59,1
184,34,1
184,61,1
185,34,1
185,61,1
186,35,1
186,60,1
187,35,1
187,60,1
188,32,1
188,63,1
189,32,1
189,63,1
190,33,1
190,62,1
191,33,1
191,62,1