0,63,1
1,58,3
1,61,3
1,63,1
2,63,1
3,63,1
4,52,9
4,58,3
4,61,3
4,63,1
5,63,1
6,63,1
7,58,3
7,61,3
7,63,1
8,63,1
9,63,1
10,58,3
10,61,3
10,63,1
11,63,1
12,63,1
13,52,9
13,58,3
13,61,3
13,63,1
14,63,1
15,63,1
16,58,3
16,61,3
16,63,1
17,63,1
18,63,1
19,58,3
19,61,3
19,63,1
20,63,1
21,63,1
22,52,9
22,58,3
22,61,3
22,63,1
23,63,1
24,63,1
25,58,3
25,61,3
25,63,1
26,63,1
27,63,1
28,58,3
28,61,3
28,63,1
29,63,1
30,63,1
31,52,9
31,58,3
31,61,3
31,63,1
32,63,1
33,63,1
34,58,3
34,61,3
34,63,1
35,63,1
36,63,1
37,58,3
37,61,3
37,63,1
38,63,1
39,63,1
40,52,9
40,58,3
40,61,3
40,63,1
41,63,1
42,63,1
43,58,3
43,61,3
43,63,1
44,63,1
45,63,1
46,58,3
46,61,3
46,63,1
47,63,1
48,63,1
49,52,9
49,58,3
49,61,3
49,63,1
50,63,1
51,63,1
52,58,3
52,61,3
52,63,1
53,63,1
54,63,1
55,58,3
55,61,3
55,63,1
56,63,1
57,63,1
58,52,9
58,58,3
58,61,3
58,63,1
59,63,1
60,63,1
61,58,3
61,61,3
61,63,1
62,63,1
63,48,1
63,49,1
63,50,1
63,51,1
63,52,1
63,53,1
63,54,1
63,55,1
63,56,1
63,57,1
63,58,1
63,59,1
63,60,1
63,61,1
63,62,1
63,63,1