768,511,1
769,509,3
769,511,1
770,511,1
771,511,1
772,503,9
772,509,3
772,511,1
773,511,1
774,511,1
775,509,3
775,511,1
776,511,1
777,511,1
778,509,3
778,511,1
779,511,1
780,511,1
781,503,9
781,509,3
781,511,1
782,511,1
783,511,1
784,509,3
784,511,1
785,511,1
786,511,1
787,509,3
787,511,1
788,511,1
789,511,1
790,503,9
790,509,3
790,511,1
791,511,1
792,511,1
793,509,3
793,511,1
794,511,1
795,511,1
796,509,3
796,511,1
797,511,1
798,511,1
799,503,9
799,509,3
799,511,1
800,511,1
801,511,1
802,509,3
802,511,1
803,511,1
804,511,1
805,509,3
805,511,1
806,511,1
807,511,1
808,503,9
808,509,3
808,511,1
809,511,1
810,511,1
811,509,3
811,511,1
812,511,1
813,511,1
814,509,3
814,511,1
815,511,1
816,511,1
817,503,9
817,509,3
817,511,1
818,511,1
819,511,1
820,509,3
820,511,1
821,511,1
822,511,1
823,509,3
823,511,1
824,511,1
825,511,1
826,503,9
826,509,3
826,511,1
827,511,1
828,511,1
829,509,3
829,511,1
830,511,1
831,511,1
832,509,3
832,511,1
833,511,1
834,511,1
835,503,9
835,509,3
835,511,1
836,511,1
837,511,1
838,509,3
838,511,1
839,511,1
840,511,1
841,509,3
841,511,1
842,511,1
843,511,1
844,503,9
844,509,3
844,511,1
845,511,1
846,511,1
847,509,3
847,511,1
848,511,1
849,511,1
850,509,3
850,511,1
851,511,1
852,511,1
853,503,9
853,509,3
853,511,1
854,511,1
855,511,1
856,509,3
856,511,1
857,511,1
858,511,1
859,509,3
859,511,1
860,511,1
861,511,1
862,503,9
862,509,3
862,511,1
863,511,1
864,511,1
865,509,3
865,511,1
866,511,1
867,511,1
868,509,3
868,511,1
869,511,1
870,511,1
871,503,9
871,509,3
871,511,1
872,511,1
873,511,1
874,509,3
874,511,1
875,511,1
876,511,1
877,509,3
877,511,1
878,511,1
879,511,1
880,503,9
880,509,3
880,511,1
881,511,1
882,511,1
883,509,3
883,511,1
884,511,1
885,511,1
886,509,3
886,511,1
887,511,1
888,511,1
889,377,243
889,503,9
889,509,3
889,511,1
890,511,1
891,511,1
892,509,3
892,511,1
893,511,1
894,511,1
895,509,3
895,511,1
896,511,1
897,511,1
898,503,9
898,509,3
898,511,1
899,511,1
900,511,1
901,509,3
901,511,1
902,511,1
903,511,1
904,509,3
904,511,1
905,511,1
906,511,1
907,503,9
907,509,3
907,511,1
908,511,1
909,511,1
910,509,3
910,511,1
911,511,1
912,511,1
913,509,3
913,511,1
914,511,1
915,511,1
916,503,9
916,509,3
916,511,1
917,511,1
918,511,1
919,509,3
919,511,1
920,511,1
921,511,1
922,509,3
922,511,1
923,511,1
924,511,1
925,503,9
925,509,3
925,511,1
926,511,1
927,511,1
928,509,3
928,511,1
929,511,1
930,511,1
931,509,3
931,511,1
932,511,1
933,511,1
934,503,9
934,509,3
934,511,1
935,511,1
936,511,1
937,509,3
937,511,1
938,511,1
939,511,1
940,509,3
940,511,1
941,511,1
942,511,1
943,503,9
943,509,3
943,511,1
944,511,1
945,511,1
946,509,3
946,511,1
947,511,1
948,511,1
949,509,3
949,511,1
950,511,1
951,511,1
952,503,9
952,509,3
952,511,1
953,511,1
954,511,1
955,509,3
955,511,1
956,511,1
957,511,1
958,509,3
958,511,1
959,511,1
960,511,1
961,503,9
961,509,3
961,511,1
962,511,1
963,511,1
964,509,3
964,511,1
965,511,1
966,511,1
967,509,3
967,511,1
968,511,1
969,511,1
970,503,9
970,509,3
970,511,1
971,511,1
972,511,1
973,509,3
973,511,1
974,511,1
975,511,1
976,509,3
976,511,1
977,511,1
978,511,1
979,503,9
979,509,3
979,511,1
980,511,1
981,511,1
982,509,3
982,511,1
983,511,1
984,511,1
985,509,3
985,511,1
986,511,1
987,511,1
988,503,9
988,509,3
988,511,1
989,511,1
990,511,1
991,509,3
991,511,1
992,511,1
993,511,1
994,509,3
994,511,1
995,511,1
996,511,1
997,503,9
997,509,3
997,511,1
998,511,1
999,511,1
1000,509,3
1000,511,1
1001,511,1
1002,511,1
1003,509,3
1003,511,1
1004,511,1
1005,511,1
1006,503,9
1006,509,3
1006,511,1
1007,511,1
1008,511,1
1009,509,3
1009,511,1
1010,511,1
1011,511,1
1012,509,3
1012,511,1
1013,511,1
1014,511,1
1015,260,9
1015,269,9
1015,278,9
1015,287,9
1015,296,9
1015,305,9
1015,314,9
1015,323,9
1015,332,9
1015,341,9
1015,350,9
1015,359,9
1015,368,9
1015,377,9
1015,386,9
1015,395,9
1015,404,9
1015,413,9
1015,422,9
1015,431,9
1015,440,9
1015,449,9
1015,458,9
1015,467,9
1015,476,9
1015,485,9
1015,494,9
1015,503,9
1015,509,3
1015,511,1
1016,511,1
1017,511,1
1018,509,3
1018,511,1
1019,511,1
1020,511,1
1021,257,3
1021,260,3
1021,263,3
1021,266,3
1021,269,3
1021,272,3
1021,275,3
1021,278,3
1021,281,3
1021,284,3
1021,287,3
1021,290,3
1021,293,3
1021,296,3
1021,299,3
1021,302,3
1021,305,3
1021,308,3
1021,311,3
1021,314,3
1021,317,3
1021,320,3
1021,323,3
1021,326,3
1021,329,3
1021,332,3
1021,335,3
1021,338,3
1021,341,3
1021,344,3
1021,347,3
1021,350,3
1021,353,3
1021,356,3
1021,359,3
1021,362,3
1021,365,3
1021,368,3
1021,371,3
1021,374,3
1021,377,3
1021,380,3
1021,383,3
1021,386,3
1021,389,3
1021,392,3
1021,395,3
1021,398,3
1021,401,3
1021,404,3
1021,407,3
1021,410,3
1021,413,3
1021,416,3
1021,419,3
1021,422,3
1021,425,3
1021,428,3
1021,431,3
1021,434,3
1021,437,3
1021,440,3
1021,443,3
1021,446,3
1021,449,3
1021,452,3
1021,455,3
1021,458,3
1021,461,3
1021,464,3
1021,467,3
1021,470,3
1021,473,3
1021,476,3
1021,479,3
1021,482,3
1021,485,3
1021,488,3
1021,491,3
1021,494,3
1021,497,3
1021,500,3
1021,503,3
1021,506,3
1021,509,3
1021,511,1
1022,511,1
1023,256,1
1023,257,1
1023,258,1
1023,259,1
1023,260,1
1023,261,1
1023,262,1
1023,263,1
1023,264,1
1023,265,1
1023,266,1
1023,267,1
1023,268,1
1023,269,1
1023,270,1
1023,271,1
1023,272,1
1023,273,1
1023,274,1
1023,275,1
1023,276,1
1023,277,1
1023,278,1
1023,279,1
1023,280,1
1023,281,1
1023,282,1
1023,283,1
1023,284,1
1023,285,1
1023,286,1
1023,287,1
1023,288,1
1023,289,1
1023,290,1
1023,291,1
1023,292,1
1023,293,1
1023,294,1
1023,295,1
1023,296,1
1023,297,1
1023,298,1
1023,299,1
1023,300,1
1023,301,1
1023,302,1
1023,303,1
1023,304,1
1023,305,1
1023,306,1
1023,307,1
1023,308,1
1023,309,1
1023,310,1
1023,311,1
1023,312,1
1023,313,1
1023,314,1
1023,315,1
1023,316,1
1023,317,1
1023,318,1
1023,319,1
1023,320,1
1023,321,1
1023,322,1
1023,323,1
1023,324,1
1023,325,1
1023,326,1
1023,327,1
1023,328,1
1023,329,1
1023,330,1
1023,331,1
1023,332,1
1023,333,1
1023,334,1
1023,335,1
1023,336,1
1023,337,1
1023,338,1
1023,339,1
1023,340,1
1023,341,1
1023,342,1
1023,343,1
1023,344,1
1023,345,1
1023,346,1
1023,347,1
1023,348,1
1023,349,1
1023,350,1
1023,351,1
1023,352,1
1023,353,1
1023,354,1
1023,355,1
1023,356,1
1023,357,1
1023,358,1
1023,359,1
1023,360,1
1023,361,1
1023,362,1
1023,363,1
1023,364,1
1023,365,1
1023,366,1
1023,367,1
1023,368,1
1023,369,1
1023,370,1
1023,371,1
1023,372,1
1023,373,1
1023,374,1
1023,375,1
1023,376,1
1023,377,1
1023,378,1
1023,379,1
1023,380,1
1023,381,1
1023,382,1
1023,383,1
1023,384,1
1023,385,1
1023,386,1
1023,387,1
1023,388,1
1023,389,1
1023,390,1
1023,391,1
1023,392,1
1023,393,1
1023,394,1
1023,395,1
1023,396,1
1023,397,1
1023,398,1
1023,399,1
1023,400,1
1023,401,1
1023,402,1
1023,403,1
1023,404,1
1023,405,1
1023,406,1
1023,407,1
1023,408,1
1023,409,1
1023,410,1
1023,411,1
1023,412,1
1023,413,1
1023,414,1
1023,415,1
1023,416,1
1023,417,1
1023,418,1
1023,419,1
1023,420,1
1023,421,1
1023,422,1
1023,423,1
1023,424,1
1023,425,1
1023,426,1
1023,427,1
1023,428,1
1023,429,1
1023,430,1
1023,431,1
1023,432,1
1023,433,1
1023,434,1
1023,435,1
1023,436,1
1023,437,1
1023,438,1
1023,439,1
1023,440,1
1023,441,1
1023,442,1
1023,443,1
1023,444,1
1023,445,1
1023,446,1
1023,447,1
1023,448,1
1023,449,1
1023,450,1
1023,451,1
1023,452,1
1023,453,1
1023,454,1
1023,455,1
1023,456,1
1023,457,1
1023,458,1
1023,459,1
1023,460,1
1023,461,1
1023,462,1
1023,463,1
1023,464,1
1023,465,1
1023,466,1
1023,467,1
1023,468,1
1023,469,1
1023,470,1
1023,471,1
1023,472,1
1023,473,1
1023,474,1
1023,475,1
1023,476,1
1023,477,1
1023,478,1
1023,479,1
1023,480,1
1023,481,1
1023,482,1
1023,483,1
1023,484,1
1023,485,1
1023,486,1
1023,487,1
1023,488,1
1023,489,1
1023,490,1
1023,491,1
1023,492,1
1023,493,1
1023,494,1
1023,495,1
1023,496,1
1023,497,1
1023,498,1
1023,499,1
1023,500,1
1023,501,1
1023,502,1
1023,503,1
1023,504,1
1023,505,1
1023,506,1
1023,507,1
1023,508,1
1023,509,1
1023,510,1
1023,511,1