640,382,1
640,383,1
641,380,3
641,382,1
641,383,1
642,382,1
642,383,1
643,382,1
643,383,1
644,380,3
644,382,1
644,383,1
645,382,1
645,383,1
646,382,1
646,383,1
647,380,3
647,382,1
647,383,1
648,382,1
648,383,1
649,382,1
649,383,1
650,380,3
650,382,1
650,383,1
651,382,1
651,383,1
652,382,1
652,383,1
653,365,27
653,380,3
653,382,1
653,383,1
654,382,1
654,383,1
655,382,1
655,383,1
656,380,3
656,382,1
656,383,1
657,382,1
657,383,1
658,382,1
658,383,1
659,380,3
659,382,1
659,383,1
660,382,1
660,383,1
661,382,1
661,383,1
662,380,3
662,382,1
662,383,1
663,382,1
663,383,1
664,382,1
664,383,1
665,380,3
665,382,1
665,383,1
666,382,1
666,383,1
667,382,1
667,383,1
668,353,3
668,356,3
668,359,3
668,362,3
668,365,3
668,368,3
668,371,3
668,374,3
668,377,3
668,380,3
668,382,1
668,383,1
669,382,1
669,383,1
670,352,1
670,353,1
670,354,1
670,355,1
670,356,1
670,357,1
670,358,1
670,359,1
670,360,1
670,361,1
670,362,1
670,363,1
670,364,1
670,365,1
670,366,1
670,367,1
670,368,1
670,369,1
670,370,1
670,371,1
670,372,1
670,373,1
670,374,1
670,375,1
670,376,1
670,377,1
670,378,1
670,379,1
670,380,1
670,381,1
670,382,1
670,383,1
671,352,1
671,353,1
671,354,1
671,355,1
671,356,1
671,357,1
671,358,1
671,359,1
671,360,1
671,361,1
671,362,1
671,363,1
671,364,1
671,365,1
671,366,1
671,367,1
671,368,1
671,369,1
671,370,1
671,371,1
671,372,1
671,373,1
671,374,1
671,375,1
671,376,1
671,377,1
671,378,1
671,379,1
671,380,1
671,381,1
671,382,1
671,383,1
672,350,1
672,351,1
673,348,3
673,350,1
673,351,1
674,350,1
674,351,1
675,350,1
675,351,1
676,348,3
676,350,1
676,351,1
677,350,1
677,351,1
678,350,1
678,351,1
679,348,3
679,350,1
679,351,1
680,350,1
680,351,1
681,350,1
681,351,1
682,348,3
682,350,1
682,351,1
683,350,1
683,351,1
684,350,1
684,351,1
685,333,27
685,348,3
685,350,1
685,351,1
686,350,1
686,351,1
687,350,1
687,351,1
688,348,3
688,350,1
688,351,1
689,350,1
689,351,1
690,350,1
690,351,1
691,348,3
691,350,1
691,351,1
692,350,1
692,351,1
693,350,1
693,351,1
694,348,3
694,350,1
694,351,1
695,350,1
695,351,1
696,350,1
696,351,1
697,348,3
697,350,1
697,351,1
698,350,1
698,351,1
699,350,1
699,351,1
700,321,3
700,324,3
700,327,3
700,330,3
700,333,3
700,336,3
700,339,3
700,342,3
700,345,3
700,348,3
700,350,1
700,351,1
701,350,1
701,351,1
702,320,1
702,321,1
702,322,1
702,323,1
702,324,1
702,325,1
702,326,1
702,327,1
702,328,1
702,329,1
702,330,1
702,331,1
702,332,1
702,333,1
702,334,1
702,335,1
702,336,1
702,337,1
702,338,1
702,339,1
702,340,1
702,341,1
702,342,1
702,343,1
702,344,1
702,345,1
702,346,1
702,347,1
702,348,1
702,349,1
702,350,1
702,351,1
703,320,1
703,321,1
703,322,1
703,323,1
703,324,1
703,325,1
703,326,1
703,327,1
703,328,1
703,329,1
703,330,1
703,331,1
703,332,1
703,333,1
703,334,1
703,335,1
703,336,1
703,337,1
703,338,1
703,339,1
703,340,1
703,341,1
703,342,1
703,343,1
703,344,1
703,345,1
703,346,1
703,347,1
703,348,1
703,349,1
703,350,1
703,351,1
704,286,1
704,287,1
705,284,3
705,286,1
705,287,1
706,286,1
706,287,1
707,286,1
707,287,1
708,284,3
708,286,1
708,287,1
709,286,1
709,287,1
710,286,1
710,287,1
711,284,3
711,286,1
711,287,1
712,286,1
712,287,1
713,286,1
713,287,1
714,284,3
714,286,1
714,287,1
715,286,1
715,287,1
716,286,1
716,287,1
717,269,27
717,284,3
717,286,1
717,287,1
718,286,1
718,287,1
719,286,1
719,287,1
720,284,3
720,286,1
720,287,1
721,286,1
721,287,1
722,286,1
722,287,1
723,284,3
723,286,1
723,287,1
724,286,1
724,287,1
725,286,1
725,287,1
726,284,3
726,286,1
726,287,1
727,286,1
727,287,1
728,286,1
728,287,1
729,284,3
729,286,1
729,287,1
730,286,1
730,287,1
731,286,1
731,287,1
732,257,3
732,260,3
732,263,3
732,266,3
732,269,3
732,272,3
732,275,3
732,278,3
732,281,3
732,284,3
732,286,1
732,287,1
733,286,1
733,287,1
734,256,1
734,257,1
734,258,1
734,259,1
734,260,1
734,261,1
734,262,1
734,263,1
734,264,1
734,265,1
734,266,1
734,267,1
734,268,1
734,269,1
734,270,1
734,271,1
734,272,1
734,273,1
734,274,1
734,275,1
734,276,1
734,277,1
734,278,1
734,279,1
734,280,1
734,281,1
734,282,1
734,283,1
734,284,1
734,285,1
734,286,1
734,287,1
735,256,1
735,257,1
735,258,1
735,259,1
735,260,1
735,261,1
735,262,1
735,263,1
735,264,1
735,265,1
735,266,1
735,267,1
735,268,1
735,269,1
735,270,1
735,271,1
735,272,1
735,273,1
735,274,1
735,275,1
735,276,1
735,277,1
735,278,1
735,279,1
735,280,1
735,281,1
735,282,1
735,283,1
735,284,1
735,285,1
735,286,1
735,287,1
736,318,1
736,319,1
737,316,3
737,318,1
737,319,1
738,318,1
738,319,1
739,318,1
739,319,1
740,316,3
740,318,1
740,319,1
741,318,1
741,319,1
742,318,1
742,319,1
743,316,3
743,318,1
743,319,1
744,318,1
744,319,1
745,318,1
745,319,1
746,316,3
746,318,1
746,319,1
747,318,1
747,319,1
748,318,1
748,319,1
749,301,27
749,316,3
749,318,1
749,319,1
750,318,1
750,319,1
751,318,1
751,319,1
752,316,3
752,318,1
752,319,1
753,318,1
753,319,1
754,318,1
754,319,1
755,316,3
755,318,1
755,319,1
756,318,1
756,319,1
757,318,1
757,319,1
758,316,3
758,318,1
758,319,1
759,318,1
759,319,1
760,318,1
760,319,1
761,316,3
761,318,1
761,319,1
762,318,1
762,319,1
763,318,1
763,319,1
764,289,3
764,292,3
764,295,3
764,298,3
764,301,3
764,304,3
764,307,3
764,310,3
764,313,3
764,316,3
764,318,1
764,319,1
765,318,1
765,319,1
766,288,1
766,289,1
766,290,1
766,291,1
766,292,1
766,293,1
766,294,1
766,295,1
766,296,1
766,297,1
766,298,1
766,299,1
766,300,1
766,301,1
766,302,1
766,303,1
766,304,1
766,305,1
766,306,1
766,307,1
766,308,1
766,309,1
766,310,1
766,311,1
766,312,1
766,313,1
766,314,1
766,315,1
766,316,1
766,317,1
766,318,1
766,319,1
767,288,1
767,289,1
767,290,1
767,291,1
767,292,1
767,293,1
767,294,1
767,295,1
767,296,1
767,297,1
767,298,1
767,299,1
767,300,1
767,301,1
767,302,1
767,303,1
767,304,1
767,305,1
767,306,1
767,307,1
767,308,1
767,309,1
767,310,1
767,311,1
767,312,1
767,313,1
767,314,1
767,315,1
767,316,1
767,317,1
767,318,1
767,319,1