0,31,1
1,26,3
1,29,3
1,31,1
2,31,1
3,31,1
4,20,9
4,26,3
4,29,3
4,31,1
5,31,1
6,31,1
7,26,3
7,29,3
7,31,1
8,31,1
9,31,1
10,26,3
10,29,3
10,31,1
11,31,1
12,31,1
13,20,9
13,26,3
13,29,3
13,31,1
14,31,1
15,31,1
16,26,3
16,29,3
16,31,1
17,31,1
18,31,1
19,26,3
19,29,3
19,31,1
20,31,1
21,31,1
22,20,9
22,26,3
22,29,3
22,31,1
23,31,1
24,31,1
25,26,3
25,29,3
25,31,1
26,31,1
27,31,1
28,26,3
28,29,3
28,31,1
29,31,1
30,31,1
31,20,9
31,26,3
31,29,3
31,31,1
32,31,1
33,31,1
34,26,3
34,29,3
34,31,1
35,31,1
36,31,1
37,26,3
37,29,3
37,31,1
38,31,1
39,31,1
40,20,9
40,26,3
40,29,3
40,31,1
41,31,1
42,31,1
43,26,3
43,29,3
43,31,1
44,31,1
45,31,1
46,26,3
46,29,3
46,31,1
47,31,1
48,31,1
49,20,9
49,26,3
49,29,3
49,31,1
50,31,1
51,31,1
52,26,3
52,29,3
52,31,1
53,31,1
54,31,1
55,26,3
55,29,3
55,31,1
56,31,1
57,31,1
58,20,9
58,26,3
58,29,3
58,31,1
59,31,1
60,31,1
61,26,3
61,29,3
61,31,1
62,31,1
63,16,1
63,17,1
63,18,1
63,19,1
63,20,1
63,21,1
63,22,1
63,23,1
63,24,1
63,25,1
63,26,1
63,27,1
63,28,1
63,29,1
63,30,1
63,31,1