160,40,1
160,41,1
160,54,1
160,55,1
161,40,1
161,41,1
161,54,1
161,55,1
162,40,1
162,41,1
162,54,1
162,55,1
163,40,1
163,41,1
163,54,1
163,55,1
164,42,1
164,43,1
164,52,1
164,53,1
165,42,1
165,43,1
165,52,1
165,53,1
166,42,1
166,43,1
166,52,1
166,53,1
167,42,1
167,43,1
167,52,1
167,53,1
168,49,1
169,47,3
169,49,1
170,49,1
171,46,1
171,47,1
171,48,1
171,49,1
172,44,1
172,45,1
172,50,1
172,51,1
173,44,1
173,45,1
173,50,1
173,51,1
174,44,1
174,45,1
174,50,1
174,51,1
175,44,1
175,45,1
175,50,1
175,51,1
176,36,1
176,37,1
176,58,1
176,59,1
177,36,1
177,37,1
177,58,1
177,59,1
178,36,1
178,37,1
178,58,1
178,59,1
179,36,1
179,37,1
179,58,1
179,59,1
180,38,1
180,39,1
180,56,1
180,57,1
181,38,1
181,39,1
181,56,1
181,57,1
182,38,1
182,39,1
182,56,1
182,57,1
183,38,1
183,39,1
183,56,1
183,57,1
184,32,1
184,33,1
184,62,1
184,63,1
185,32,1
185,33,1
185,62,1
185,63,1
186,32,1
186,33,1
186,62,1
186,63,1
187,32,1
187,33,1
187,62,1
187,63,1
188,34,1
188,35,1
188,60,1
188,61,1
189,34,1
189,35,1
189,60,1
189,61,1
190,34,1
190,35,1
190,60,1
190,61,1
191,34,1
191,35,1
191,60,1
191,61,1