640,338,1
641,339,1
642,336,1
643,337,1
644,341,1
645,340,1
646,342,1
647,343,1
648,350,1
649,351,1
650,348,1
651,349,1
652,347,1
653,346,1
654,345,1
655,344,1
656,325,1
657,324,1
658,326,1
659,327,1
660,320,1
661,321,1
662,323,1
663,322,1
664,331,1
665,330,1
666,329,1
667,328,1
668,332,1
669,333,1
670,335,1
671,334,1
672,352,1
673,353,1
674,355,1
675,354,1
676,358,1
677,359,1
678,356,1
679,357,1
680,365,1
681,364,1
682,366,1
683,367,1
684,360,1
685,361,1
686,363,1
687,362,1
688,376,1
689,377,1
690,379,1
691,378,1
692,382,1
693,383,1
694,380,1
695,381,1
696,371,1
697,370,1
698,369,1
699,368,1
700,372,1
701,373,1
702,375,1
703,374,1
704,309,1
705,308,1
706,310,1
707,311,1
708,305,1
709,304,1
710,306,1
711,307,1
712,312,1
713,313,1
714,315,1
715,314,1
716,319,1
717,318,1
718,317,1
719,316,1
720,292,1
721,293,1
722,295,1
723,294,1
724,288,1
725,289,1
726,291,1
727,290,1
728,297,1
729,296,1
730,298,1
731,299,1
732,302,1
733,303,1
734,300,1
735,301,1
736,284,1
737,285,1
738,287,1
739,286,1
740,280,1
741,281,1
742,283,1
743,282,1
744,276,1
745,277,1
746,279,1
747,278,1
748,272,1
749,273,1
750,275,1
751,274,1
752,270,1
753,271,1
754,268,1
755,269,1
756,266,1
757,267,1
758,264,1
759,265,1
760,262,1
761,263,1
762,260,1
763,261,1
764,258,1
765,259,1
766,256,1
767,257,1