0,127,1
1,127,1
2,127,1
3,127,1
4,122,9
4,127,1
5,127,1
6,127,1
7,127,1
8,127,1
9,127,1
10,127,1
11,127,1
12,127,1
13,77,27
13,104,27
13,122,9
13,127,1
14,127,1
15,127,1
16,127,1
17,127,1
18,127,1
19,127,1
20,127,1
21,127,1
22,122,9
22,127,1
23,127,1
24,127,1
25,127,1
26,127,1
27,127,1
28,127,1
29,127,1
30,127,1
31,122,9
31,127,1
32,127,1
33,127,1
34,127,1
35,127,1
36,127,1
37,127,1
38,127,1
39,127,1
40,77,27
40,104,27
40,122,9
40,127,1
41,127,1
42,127,1
43,127,1
44,127,1
45,127,1
46,127,1
47,127,1
48,127,1
49,122,9
49,127,1
50,127,1
51,127,1
52,127,1
53,127,1
54,127,1
55,127,1
56,127,1
57,127,1
58,122,9
58,127,1
59,127,1
60,127,1
61,127,1
62,127,1
63,127,1
64,127,1
65,127,1
66,127,1
67,77,27
67,104,27
67,122,9
67,127,1
68,127,1
69,127,1
70,127,1
71,127,1
72,127,1
73,127,1
74,127,1
75,127,1
76,122,9
76,127,1
77,127,1
78,127,1
79,127,1
80,127,1
81,127,1
82,127,1
83,127,1
84,127,1
85,122,9
85,127,1
86,127,1
87,127,1
88,127,1
89,127,1
90,127,1
91,127,1
92,127,1
93,127,1
94,77,27
94,104,27
94,122,9
94,127,1
95,127,1
96,127,1
97,127,1
98,127,1
99,127,1
100,127,1
101,127,1
102,127,1
103,122,9
103,127,1
104,127,1
105,127,1
106,127,1
107,127,1
108,127,1
109,127,1
110,127,1
111,127,1
112,122,9
112,127,1
113,127,1
114,127,1
115,127,1
116,127,1
117,127,1
118,127,1
119,127,1
120,127,1
121,77,27
121,104,27
121,122,9
121,127,1
122,127,1
123,127,1
124,127,1
125,127,1
126,127,1
127,127,1
128,127,1
129,127,1
130,122,9
130,127,1
131,127,1
132,127,1
133,127,1
134,127,1
135,127,1
136,127,1
137,127,1
138,127,1
139,122,9
139,127,1
140,127,1
141,127,1
142,127,1
143,127,1
144,127,1
145,127,1
146,127,1
147,127,1
148,77,27
148,104,27
148,122,9
148,127,1
149,127,1
150,127,1
151,127,1
152,127,1
153,127,1
154,127,1
155,127,1
156,127,1
157,122,9
157,127,1
158,127,1
159,127,1
160,127,1
161,127,1
162,127,1
163,127,1
164,127,1
165,127,1
166,122,9
166,127,1
167,127,1
168,127,1
169,127,1
170,127,1
171,127,1
172,127,1
173,127,1
174,127,1
175,77,27
175,104,27
175,122,9
175,127,1
176,127,1
177,127,1
178,127,1
179,127,1
180,127,1
181,127,1
182,127,1
183,127,1
184,122,9
184,127,1
185,127,1
186,127,1
187,127,1
188,127,1
189,127,1
190,127,1
191,127,1
192,127,1
193,122,9
193,127,1
194,127,1
195,127,1
196,127,1
197,127,1
198,127,1
199,127,1
200,127,1
201,127,1
202,77,27
202,104,27
202,122,9
202,127,1
203,127,1
204,127,1
205,127,1
206,127,1
207,127,1
208,127,1
209,127,1
210,127,1
211,122,9
211,127,1
212,127,1
213,127,1
214,127,1
215,127,1
216,127,1
217,127,1
218,127,1
219,127,1
220,122,9
220,127,1
221,127,1
222,127,1
223,127,1
224,127,1
225,127,1
226,127,1
227,127,1
228,127,1
229,77,27
229,104,27
229,122,9
229,127,1
230,127,1
231,127,1
232,127,1
233,127,1
234,127,1
235,127,1
236,127,1
237,127,1
238,122,9
238,127,1
239,127,1
240,127,1
241,127,1
242,127,1
243,127,1
244,127,1
245,127,1
246,127,1
247,68,9
247,77,9
247,86,9
247,95,9
247,104,9
247,113,9
247,122,9
247,127,1
248,127,1
249,127,1
250,127,1
251,127,1
252,127,1
253,65,3
253,68,3
253,71,3
253,74,3
253,77,3
253,80,3
253,83,3
253,86,3
253,89,3
253,92,3
253,95,3
253,98,3
253,101,3
253,104,3
253,107,3
253,110,3
253,113,3
253,116,3
253,119,3
253,122,3
253,125,3
253,127,1
254,127,1
255,64,1
255,65,1
255,66,1
255,67,1
255,68,1
255,69,1
255,70,1
255,71,1
255,72,1
255,73,1
255,74,1
255,75,1
255,76,1
255,77,1
255,78,1
255,79,1
255,80,1
255,81,1
255,82,1
255,83,1
255,84,1
255,85,1
255,86,1
255,87,1
255,88,1
255,89,1
255,90,1
255,91,1
255,92,1
255,93,1
255,94,1
255,95,1
255,96,1
255,97,1
255,98,1
255,99,1
255,100,1
255,101,1
255,102,1
255,103,1
255,104,1
255,105,1
255,106,1
255,107,1
255,108,1
255,109,1
255,110,1
255,111,1
255,112,1
255,113,1
255,114,1
255,115,1
255,116,1
255,117,1
255,118,1
255,119,1
255,120,1
255,121,1
255,122,1
255,123,1
255,124,1
255,125,1
255,126,1
255,127,1