64,62,1
64,63,1
65,60,3
65,62,1
65,63,1
66,62,1
66,63,1
67,62,1
67,63,1
68,60,3
68,62,1
68,63,1
69,62,1
69,63,1
70,62,1
70,63,1
71,60,3
71,62,1
71,63,1
72,62,1
72,63,1
73,62,1
73,63,1
74,60,3
74,62,1
74,63,1
75,62,1
75,63,1
76,62,1
76,63,1
77,45,27
77,60,3
77,62,1
77,63,1
78,62,1
78,63,1
79,62,1
79,63,1
80,60,3
80,62,1
80,63,1
81,62,1
81,63,1
82,62,1
82,63,1
83,60,3
83,62,1
83,63,1
84,62,1
84,63,1
85,62,1
85,63,1
86,60,3
86,62,1
86,63,1
87,62,1
87,63,1
88,62,1
88,63,1
89,60,3
89,62,1
89,63,1
90,62,1
90,63,1
91,62,1
91,63,1
92,60,3
92,62,1
92,63,1
93,62,1
93,63,1
94,62,1
94,63,1
95,60,3
95,62,1
95,63,1
96,62,1
96,63,1
97,62,1
97,63,1
98,60,3
98,62,1
98,63,1
99,62,1
99,63,1
100,62,1
100,63,1
101,60,3
101,62,1
101,63,1
102,62,1
102,63,1
103,62,1
103,63,1
104,45,27
104,60,3
104,62,1
104,63,1
105,62,1
105,63,1
106,62,1
106,63,1
107,60,3
107,62,1
107,63,1
108,62,1
108,63,1
109,62,1
109,63,1
110,60,3
110,62,1
110,63,1
111,62,1
111,63,1
112,62,1
112,63,1
113,60,3
113,62,1
113,63,1
114,62,1
114,63,1
115,62,1
115,63,1
116,60,3
116,62,1
116,63,1
117,62,1
117,63,1
118,62,1
118,63,1
119,60,3
119,62,1
119,63,1
120,62,1
120,63,1
121,62,1
121,63,1
122,36,9
122,45,9
122,54,9
122,60,3
122,62,1
122,63,1
123,62,1
123,63,1
124,62,1
124,63,1
125,60,3
125,62,1
125,63,1
126,62,1
126,63,1
127,32,1
127,33,1
127,34,1
127,35,1
127,36,1
127,37,1
127,38,1
127,39,1
127,40,1
127,41,1
127,42,1
127,43,1
127,44,1
127,45,1
127,46,1
127,47,1
127,48,1
127,49,1
127,50,1
127,51,1
127,52,1
127,53,1
127,54,1
127,55,1
127,56,1
127,57,1
127,58,1
127,59,1
127,60,1
127,61,1
127,62,1
127,63,1