640,447,1
641,442,3
641,445,3
641,447,1
642,447,1
643,447,1
644,436,9
644,442,3
644,445,3
644,447,1
645,447,1
646,447,1
647,442,3
647,445,3
647,447,1
648,447,1
649,447,1
650,433,3
650,436,3
650,439,3
650,442,3
650,445,3
650,447,1
651,447,1
652,447,1
653,433,3
653,436,3
653,439,3
653,442,3
653,445,3
653,447,1
654,447,1
655,432,1
655,433,1
655,434,1
655,435,1
655,436,1
655,437,1
655,438,1
655,439,1
655,440,1
655,441,1
655,442,1
655,443,1
655,444,1
655,445,1
655,446,1
655,447,1
656,431,1
657,426,3
657,429,3
657,431,1
658,431,1
659,431,1
660,420,9
660,426,3
660,429,3
660,431,1
661,431,1
662,431,1
663,426,3
663,429,3
663,431,1
664,431,1
665,431,1
666,417,3
666,420,3
666,423,3
666,426,3
666,429,3
666,431,1
667,431,1
668,431,1
669,417,3
669,420,3
669,423,3
669,426,3
669,429,3
669,431,1
670,431,1
671,416,1
671,417,1
671,418,1
671,419,1
671,420,1
671,421,1
671,422,1
671,423,1
671,424,1
671,425,1
671,426,1
671,427,1
671,428,1
671,429,1
671,430,1
671,431,1
672,399,1
673,394,3
673,397,3
673,399,1
674,399,1
675,399,1
676,388,9
676,394,3
676,397,3
676,399,1
677,399,1
678,399,1
679,394,3
679,397,3
679,399,1
680,399,1
681,399,1
682,385,3
682,388,3
682,391,3
682,394,3
682,397,3
682,399,1
683,399,1
684,399,1
685,385,3
685,388,3
685,391,3
685,394,3
685,397,3
685,399,1
686,399,1
687,384,1
687,385,1
687,386,1
687,387,1
687,388,1
687,389,1
687,390,1
687,391,1
687,392,1
687,393,1
687,394,1
687,395,1
687,396,1
687,397,1
687,398,1
687,399,1
688,415,1
689,410,3
689,413,3
689,415,1
690,415,1
691,415,1
692,404,9
692,410,3
692,413,3
692,415,1
693,415,1
694,415,1
695,410,3
695,413,3
695,415,1
696,415,1
697,415,1
698,401,3
698,404,3
698,407,3
698,410,3
698,413,3
698,415,1
699,415,1
700,415,1
701,401,3
701,404,3
701,407,3
701,410,3
701,413,3
701,415,1
702,415,1
703,400,1
703,401,1
703,402,1
703,403,1
703,404,1
703,405,1
703,406,1
703,407,1
703,408,1
703,409,1
703,410,1
703,411,1
703,412,1
703,413,1
703,414,1
703,415,1
704,479,1
705,474,3
705,477,3
705,479,1
706,479,1
707,479,1
708,468,9
708,474,3
708,477,3
708,479,1
709,479,1
710,479,1
711,474,3
711,477,3
711,479,1
712,479,1
713,479,1
714,465,3
714,468,3
714,471,3
714,474,3
714,477,3
714,479,1
715,479,1
716,479,1
717,465,3
717,468,3
717,471,3
717,474,3
717,477,3
717,479,1
718,479,1
719,464,1
719,465,1
719,466,1
719,467,1
719,468,1
719,469,1
719,470,1
719,471,1
719,472,1
719,473,1
719,474,1
719,475,1
719,476,1
719,477,1
719,478,1
719,479,1
720,463,1
721,458,3
721,461,3
721,463,1
722,463,1
723,463,1
724,452,9
724,458,3
724,461,3
724,463,1
725,463,1
726,463,1
727,458,3
727,461,3
727,463,1
728,463,1
729,463,1
730,449,3
730,452,3
730,455,3
730,458,3
730,461,3
730,463,1
731,463,1
732,463,1
733,449,3
733,452,3
733,455,3
733,458,3
733,461,3
733,463,1
734,463,1
735,448,1
735,449,1
735,450,1
735,451,1
735,452,1
735,453,1
735,454,1
735,455,1
735,456,1
735,457,1
735,458,1
735,459,1
735,460,1
735,461,1
735,462,1
735,463,1
736,511,1
737,506,3
737,509,3
737,511,1
738,511,1
739,511,1
740,500,9
740,506,3
740,509,3
740,511,1
741,511,1
742,511,1
743,506,3
743,509,3
743,511,1
744,511,1
745,511,1
746,497,3
746,500,3
746,503,3
746,506,3
746,509,3
746,511,1
747,511,1
748,511,1
749,497,3
749,500,3
749,503,3
749,506,3
749,509,3
749,511,1
750,511,1
751,496,1
751,497,1
751,498,1
751,499,1
751,500,1
751,501,1
751,502,1
751,503,1
751,504,1
751,505,1
751,506,1
751,507,1
751,508,1
751,509,1
751,510,1
751,511,1
752,495,1
753,490,3
753,493,3
753,495,1
754,495,1
755,495,1
756,484,9
756,490,3
756,493,3
756,495,1
757,495,1
758,495,1
759,490,3
759,493,3
759,495,1
760,495,1
761,495,1
762,481,3
762,484,3
762,487,3
762,490,3
762,493,3
762,495,1
763,495,1
764,495,1
765,481,3
765,484,3
765,487,3
765,490,3
765,493,3
765,495,1
766,495,1
767,480,1
767,481,1
767,482,1
767,483,1
767,484,1
767,485,1
767,486,1
767,487,1
767,488,1
767,489,1
767,490,1
767,491,1
767,492,1
767,493,1
767,494,1
767,495,1