128,30,1
128,31,1
129,28,3
129,30,1
129,31,1
130,30,1
130,31,1
131,30,1
131,31,1
132,28,3
132,30,1
132,31,1
133,30,1
133,31,1
134,30,1
134,31,1
135,28,3
135,30,1
135,31,1
136,30,1
136,31,1
137,30,1
137,31,1
138,28,3
138,30,1
138,31,1
139,30,1
139,31,1
140,30,1
140,31,1
141,13,27
141,28,3
141,30,1
141,31,1
142,30,1
142,31,1
143,30,1
143,31,1
144,28,3
144,30,1
144,31,1
145,30,1
145,31,1
146,30,1
146,31,1
147,28,3
147,30,1
147,31,1
148,30,1
148,31,1
149,30,1
149,31,1
150,28,3
150,30,1
150,31,1
151,30,1
151,31,1
152,30,1
152,31,1
153,28,3
153,30,1
153,31,1
154,30,1
154,31,1
155,30,1
155,31,1
156,28,3
156,30,1
156,31,1
157,30,1
157,31,1
158,30,1
158,31,1
159,28,3
159,30,1
159,31,1
160,30,1
160,31,1
161,30,1
161,31,1
162,28,3
162,30,1
162,31,1
163,30,1
163,31,1
164,30,1
164,31,1
165,28,3
165,30,1
165,31,1
166,30,1
166,31,1
167,30,1
167,31,1
168,13,27
168,28,3
168,30,1
168,31,1
169,30,1
169,31,1
170,30,1
170,31,1
171,28,3
171,30,1
171,31,1
172,30,1
172,31,1
173,30,1
173,31,1
174,28,3
174,30,1
174,31,1
175,30,1
175,31,1
176,30,1
176,31,1
177,28,3
177,30,1
177,31,1
178,30,1
178,31,1
179,30,1
179,31,1
180,28,3
180,30,1
180,31,1
181,30,1
181,31,1
182,30,1
182,31,1
183,28,3
183,30,1
183,31,1
184,30,1
184,31,1
185,30,1
185,31,1
186,4,9
186,13,9
186,22,9
186,28,3
186,30,1
186,31,1
187,30,1
187,31,1
188,30,1
188,31,1
189,28,3
189,30,1
189,31,1
190,30,1
190,31,1
191,0,1
191,1,1
191,2,1
191,3,1
191,4,1
191,5,1
191,6,1
191,7,1
191,8,1
191,9,1
191,10,1
191,11,1
191,12,1
191,13,1
191,14,1
191,15,1
191,16,1
191,17,1
191,18,1
191,19,1
191,20,1
191,21,1
191,22,1
191,23,1
191,24,1
191,25,1
191,26,1
191,27,1
191,28,1
191,29,1
191,30,1
191,31,1