1459,3691,3
1459,3694,3
1459,5053,3
1459,5056,3
1462,3694,3
1462,3697,3
1462,5050,3
1462,5053,3
1465,3691,3
1465,3697,3
1465,5050,3
1465,5056,3
1468,3673,3
1468,3679,3
1468,5068,3
1468,5074,3
1471,3673,3
1471,3676,3
1471,5071,3
1471,5074,3
1474,3676,3
1474,3679,3
1474,5068,3
1474,5071,3
1477,3682,3
1477,3685,3
1477,5062,3
1477,5065,3
1480,3685,3
1480,3688,3
1480,5059,3
1480,5062,3
1483,3682,3
1483,3688,3
1483,5059,3
1483,5065,3
1486,3700,3
1486,3703,3
1486,5044,3
1486,5047,3
1489,3703,3
1489,3706,3
1489,5041,3
1489,5044,3
1492,3700,3
1492,3706,3
1492,5041,3
1492,5047,3
1495,3712,3
1495,3715,3
1495,5032,3
1495,5035,3
1498,3709,3
1498,3715,3
1498,5032,3
1498,5038,3
1501,3709,3
1501,3712,3
1501,5035,3
1501,5038,3
1504,3718,3
1504,3724,3
1504,5023,3
1504,5029,3
1507,3718,3
1507,3721,3
1507,5026,3
1507,5029,3
1510,3721,3
1510,3724,3
1510,5023,3
1510,5026,3
1513,3664,3
1513,3670,3
1513,5077,3
1513,5083,3
1516,3664,3
1516,3667,3
1516,5080,3
1516,5083,3
1519,3667,3
1519,3670,3
1519,5077,3
1519,5080,3
1522,3649,3
1522,3652,3
1522,5095,3
1522,5098,3
1525,3646,3
1525,3652,3
1525,5095,3
1525,5101,3
1528,3646,3
1528,3649,3
1528,5098,3
1528,5101,3
1531,3655,3
1531,3661,3
1531,5086,3
1531,5092,3
1534,3655,3
1534,3658,3
1534,5089,3
1534,5092,3
1537,3658,3
1537,3661,3
1537,5086,3
1537,5089,3
1540,3784,3
1540,3787,3
1540,4960,3
1540,4963,3
1543,3781,3
1543,3787,3
1543,4960,3
1543,4966,3
1546,3781,3
1546,3784,3
1546,4963,3
1546,4966,3
1549,3790,3
1549,3796,3
1549,4951,3
1549,4957,3
1552,3790,3
1552,3793,3
1552,4954,3
1552,4957,3
1555,3793,3
1555,3796,3
1555,4951,3
1555,4954,3
1558,3799,3
1558,3802,3
1558,4945,3
1558,4948,3
1561,3802,3
1561,3805,3
1561,4942,3
1561,4945,3
1564,3799,3
1564,3805,3
1564,4942,3
1564,4948,3
1567,3748,3
1567,3751,3
1567,4996,3
1567,4999,3
1570,3745,3
1570,3751,3
1570,4996,3
1570,5002,3
1573,3745,3
1573,3748,3
1573,4999,3
1573,5002,3
1576,3727,3
1576,3730,3
1576,5017,3
1576,5020,3
1579,3730,3
1579,3733,3
1579,5014,3
1579,5017,3
1582,3727,3
1582,3733,3
1582,5014,3
1582,5020,3
1585,3739,3
1585,3742,3
1585,5005,3
1585,5008,3
1588,3736,3
1588,3742,3
1588,5005,3
1588,5011,3
1591,3736,3
1591,3739,3
1591,5008,3
1591,5011,3
1594,3754,3
1594,3760,3
1594,4987,3
1594,4993,3
1597,3754,3
1597,3757,3
1597,4990,3
1597,4993,3
1600,3757,3
1600,3760,3
1600,4987,3
1600,4990,3
1603,3763,3
1603,3766,3
1603,4981,3
1603,4984,3
1606,3766,3
1606,3769,3
1606,4978,3
1606,4981,3
1609,3763,3
1609,3769,3
1609,4978,3
1609,4984,3
1612,3775,3
1612,3778,3
1612,4969,3
1612,4972,3
1615,3772,3
1615,3778,3
1615,4969,3
1615,4975,3
1618,3772,3
1618,3775,3
1618,4972,3
1618,4975,3
1621,3808,3
1621,3814,3
1621,4933,3
1621,4939,3
1624,3808,3
1624,3811,3
1624,4936,3
1624,4939,3
1627,3811,3
1627,3814,3
1627,4933,3
1627,4936,3
1630,3817,3
1630,3820,3
1630,4927,3
1630,4930,3
1633,3820,3
1633,3823,3
1633,4924,3
1633,4927,3
1636,3817,3
1636,3823,3
1636,4924,3
1636,4930,3
1639,3829,3
1639,3832,3
1639,4915,3
1639,4918,3
1642,3826,3
1642,3832,3
1642,4915,3
1642,4921,3
1645,3826,3
1645,3829,3
1645,4918,3
1645,4921,3
1648,3844,3
1648,3847,3
1648,4900,3
1648,4903,3
1651,3847,3
1651,3850,3
1651,4897,3
1651,4900,3
1654,3844,3
1654,3850,3
1654,4897,3
1654,4903,3
1657,3856,3
1657,3859,3
1657,4888,3
1657,4891,3
1660,3853,3
1660,3859,3
1660,4888,3
1660,4894,3
1663,3853,3
1663,3856,3
1663,4891,3
1663,4894,3
1666,3835,3
1666,3838,3
1666,4909,3
1666,4912,3
1669,3838,3
1669,3841,3
1669,4906,3
1669,4909,3
1672,3835,3
1672,3841,3
1672,4906,3
1672,4912,3
1675,3883,3
1675,3886,3
1675,4861,3
1675,4864,3
1678,3880,3
1678,3886,3
1678,4861,3
1678,4867,3
1681,3880,3
1681,3883,3
1681,4864,3
1681,4867,3
1684,3862,3
1684,3865,3
1684,4882,3
1684,4885,3
1687,3865,3
1687,3868,3
1687,4879,3
1687,4882,3
1690,3862,3
1690,3868,3
1690,4879,3
1690,4885,3
1693,3874,3
1693,3877,3
1693,4870,3
1693,4873,3
1696,3871,3
1696,3877,3
1696,4870,3
1696,4876,3
1699,3871,3
1699,3874,3
1699,4873,3
1699,4876,3
1702,4036,3
1702,4039,3
1702,4708,3
1702,4711,3
1705,4033,3
1705,4039,3
1705,4708,3
1705,4714,3
1708,4033,3
1708,4036,3
1708,4711,3
1708,4714,3
1711,4042,3
1711,4045,3
1711,4702,3
1711,4705,3
1714,4045,3
1714,4048,3
1714,4699,3
1714,4702,3
1717,4042,3
1717,4048,3
1717,4699,3
1717,4705,3
1720,4024,3
1720,4027,3
1720,4720,3
1720,4723,3
1723,4027,3
1723,4030,3
1723,4717,3
1723,4720,3
1726,4024,3
1726,4030,3
1726,4717,3
1726,4723,3
1729,3979,3
1729,3985,3
1729,4762,3
1729,4768,3
1732,3979,3
1732,3982,3
1732,4765,3
1732,4768,3
1735,3982,3
1735,3985,3
1735,4762,3
1735,4765,3
1738,3991,3
1738,3994,3
1738,4753,3
1738,4756,3
1741,3988,3
1741,3994,3
1741,4753,3
1741,4759,3
1744,3988,3
1744,3991,3
1744,4756,3
1744,4759,3
1747,3973,3
1747,3976,3
1747,4771,3
1747,4774,3
1750,3970,3
1750,3976,3
1750,4771,3
1750,4777,3
1753,3970,3
1753,3973,3
1753,4774,3
1753,4777,3
1756,3997,3
1756,4000,3
1756,4747,3
1756,4750,3
1759,4000,3
1759,4003,3
1759,4744,3
1759,4747,3
1762,3997,3
1762,4003,3
1762,4744,3
1762,4750,3
1765,4006,3
1765,4012,3
1765,4735,3
1765,4741,3
1768,4006,3
1768,4009,3
1768,4738,3
1768,4741,3
1771,4009,3
1771,4012,3
1771,4735,3
1771,4738,3
1774,4018,3
1774,4021,3
1774,4726,3
1774,4729,3
1777,4015,3
1777,4021,3
1777,4726,3
1777,4732,3
1780,4015,3
1780,4018,3
1780,4729,3
1780,4732,3
1783,4090,3
1783,4093,3
1783,4654,3
1783,4657,3
1786,4087,3
1786,4093,3
1786,4654,3
1786,4660,3
1789,4087,3
1789,4090,3
1789,4657,3
1789,4660,3
1792,4096,3
1792,4099,3
1792,4648,3
1792,4651,3
1795,4099,3
1795,4102,3
1795,4645,3
1795,4648,3
1798,4096,3
1798,4102,3
1798,4645,3
1798,4651,3
1801,4078,3
1801,4081,3
1801,4666,3
1801,4669,3
1804,4081,3
1804,4084,3
1804,4663,3
1804,4666,3
1807,4078,3
1807,4084,3
1807,4663,3
1807,4669,3
1810,4105,3
1810,4108,3
1810,4639,3
1810,4642,3
1813,4108,3
1813,4111,3
1813,4636,3
1813,4639,3
1816,4105,3
1816,4111,3
1816,4636,3
1816,4642,3
1819,4114,3
1819,4120,3
1819,4627,3
1819,4633,3
1822,4114,3
1822,4117,3
1822,4630,3
1822,4633,3
1825,4117,3
1825,4120,3
1825,4627,3
1825,4630,3
1828,4126,3
1828,4129,3
1828,4618,3
1828,4621,3
1831,4123,3
1831,4129,3
1831,4618,3
1831,4624,3
1834,4123,3
1834,4126,3
1834,4621,3
1834,4624,3
1837,4051,3
1837,4057,3
1837,4690,3
1837,4696,3
1840,4051,3
1840,4054,3
1840,4693,3
1840,4696,3
1843,4054,3
1843,4057,3
1843,4690,3
1843,4693,3
1846,4063,3
1846,4066,3
1846,4681,3
1846,4684,3
1849,4060,3
1849,4066,3
1849,4681,3
1849,4687,3
1852,4060,3
1852,4063,3
1852,4684,3
1852,4687,3
1855,4069,3
1855,4072,3
1855,4675,3
1855,4678,3
1858,4072,3
1858,4075,3
1858,4672,3
1858,4675,3
1861,4069,3
1861,4075,3
1861,4672,3
1861,4678,3
1864,3934,3
1864,3937,3
1864,4810,3
1864,4813,3
1867,3937,3
1867,3940,3
1867,4807,3
1867,4810,3
1870,3934,3
1870,3940,3
1870,4807,3
1870,4813,3
1873,3916,3
1873,3919,3
1873,4828,3
1873,4831,3
1876,3919,3
1876,3922,3
1876,4825,3
1876,4828,3
1879,3916,3
1879,3922,3
1879,4825,3
1879,4831,3
1882,3925,3
1882,3931,3
1882,4816,3
1882,4822,3
1885,3925,3
1885,3928,3
1885,4819,3
1885,4822,3
1888,3928,3
1888,3931,3
1888,4816,3
1888,4819,3
1891,3952,3
1891,3955,3
1891,4792,3
1891,4795,3
1894,3955,3
1894,3958,3
1894,4789,3
1894,4792,3
1897,3952,3
1897,3958,3
1897,4789,3
1897,4795,3
1900,3961,3
1900,3967,3
1900,4780,3
1900,4786,3
1903,3961,3
1903,3964,3
1903,4783,3
1903,4786,3
1906,3964,3
1906,3967,3
1906,4780,3
1906,4783,3
1909,3943,3
1909,3949,3
1909,4798,3
1909,4804,3
1912,3943,3
1912,3946,3
1912,4801,3
1912,4804,3
1915,3946,3
1915,3949,3
1915,4798,3
1915,4801,3
1918,3898,3
1918,3901,3
1918,4846,3
1918,4849,3
1921,3901,3
1921,3904,3
1921,4843,3
1921,4846,3
1924,3898,3
1924,3904,3
1924,4843,3
1924,4849,3
1927,3907,3
1927,3913,3
1927,4834,3
1927,4840,3
1930,3907,3
1930,3910,3
1930,4837,3
1930,4840,3
1933,3910,3
1933,3913,3
1933,4834,3
1933,4837,3
1936,3889,3
1936,3895,3
1936,4852,3
1936,4858,3
1939,3889,3
1939,3892,3
1939,4855,3
1939,4858,3
1942,3892,3
1942,3895,3
1942,4852,3
1942,4855,3
1945,4150,3
1945,4156,3
1945,4591,3
1945,4597,3
1948,4150,3
1948,4153,3
1948,4594,3
1948,4597,3
1951,4153,3
1951,4156,3
1951,4591,3
1951,4594,3
1954,4132,3
1954,4135,3
1954,4612,3
1954,4615,3
1957,4135,3
1957,4138,3
1957,4609,3
1957,4612,3
1960,4132,3
1960,4138,3
1960,4609,3
1960,4615,3
1963,4141,3
1963,4144,3
1963,4603,3
1963,4606,3
1966,4144,3
1966,4147,3
1966,4600,3
1966,4603,3
1969,4141,3
1969,4147,3
1969,4600,3
1969,4606,3
1972,4177,3
1972,4180,3
1972,4567,3
1972,4570,3
1975,4180,3
1975,4183,3
1975,4564,3
1975,4567,3
1978,4177,3
1978,4183,3
1978,4564,3
1978,4570,3
1981,4162,3
1981,4165,3
1981,4582,3
1981,4585,3
1984,4159,3
1984,4165,3
1984,4582,3
1984,4588,3
1987,4159,3
1987,4162,3
1987,4585,3
1987,4588,3
1990,4171,3
1990,4174,3
1990,4573,3
1990,4576,3
1993,4168,3
1993,4174,3
1993,4573,3
1993,4579,3
1996,4168,3
1996,4171,3
1996,4576,3
1996,4579,3
1999,4207,3
1999,4210,3
1999,4537,3
1999,4540,3
2002,4204,3
2002,4210,3
2002,4537,3
2002,4543,3
2005,4204,3
2005,4207,3
2005,4540,3
2005,4543,3
2008,4186,3
2008,4192,3
2008,4555,3
2008,4561,3
2011,4186,3
2011,4189,3
2011,4558,3
2011,4561,3
2014,4189,3
2014,4192,3
2014,4555,3
2014,4558,3
2017,4195,3
2017,4201,3
2017,4546,3
2017,4552,3
2020,4195,3
2020,4198,3
2020,4549,3
2020,4552,3
2023,4198,3
2023,4201,3
2023,4546,3
2023,4549,3
2026,4231,3
2026,4237,3
2026,4510,3
2026,4516,3
2029,4231,3
2029,4234,3
2029,4513,3
2029,4516,3
2032,4234,3
2032,4237,3
2032,4510,3
2032,4513,3
2035,4213,3
2035,4216,3
2035,4531,3
2035,4534,3
2038,4216,3
2038,4219,3
2038,4528,3
2038,4531,3
2041,4213,3
2041,4219,3
2041,4528,3
2041,4534,3
2044,4222,3
2044,4225,3
2044,4522,3
2044,4525,3
2047,4225,3
2047,4228,3
2047,4519,3
2047,4522,3
2050,4222,3
2050,4228,3
2050,4519,3
2050,4525,3
2053,4261,3
2053,4264,3
2053,4483,3
2053,4486,3
2056,4258,3
2056,4264,3
2056,4483,3
2056,4489,3
2059,4258,3
2059,4261,3
2059,4486,3
2059,4489,3
2062,4240,3
2062,4246,3
2062,4501,3
2062,4507,3
2065,4240,3
2065,4243,3
2065,4504,3
2065,4507,3
2068,4243,3
2068,4246,3
2068,4501,3
2068,4504,3
2071,4249,3
2071,4255,3
2071,4492,3
2071,4498,3
2074,4249,3
2074,4252,3
2074,4495,3
2074,4498,3
2077,4252,3
2077,4255,3
2077,4492,3
2077,4495,3
2080,4285,3
2080,4288,3
2080,4459,3
2080,4462,3
2083,4288,3
2083,4291,3
2083,4456,3
2083,4459,3
2086,4285,3
2086,4291,3
2086,4456,3
2086,4462,3
2089,4270,3
2089,4273,3
2089,4474,3
2089,4477,3
2092,4267,3
2092,4273,3
2092,4474,3
2092,4480,3
2095,4267,3
2095,4270,3
2095,4477,3
2095,4480,3
2098,4279,3
2098,4282,3
2098,4465,3
2098,4468,3
2101,4276,3
2101,4282,3
2101,4465,3
2101,4471,3
2104,4276,3
2104,4279,3
2104,4468,3
2104,4471,3
2107,4297,3
2107,4300,3
2107,4447,3
2107,4450,3
2110,4294,3
2110,4300,3
2110,4447,3
2110,4453,3
2113,4294,3
2113,4297,3
2113,4450,3
2113,4453,3
2116,4306,3
2116,4309,3
2116,4438,3
2116,4441,3
2119,4303,3
2119,4309,3
2119,4438,3
2119,4444,3
2122,4303,3
2122,4306,3
2122,4441,3
2122,4444,3
2125,4315,3
2125,4318,3
2125,4429,3
2125,4432,3
2128,4312,3
2128,4318,3
2128,4429,3
2128,4435,3
2131,4312,3
2131,4315,3
2131,4432,3
2131,4435,3
2134,4324,3
2134,4327,3
2134,4420,3
2134,4423,3
2137,4321,3
2137,4327,3
2137,4420,3
2137,4426,3
2140,4321,3
2140,4324,3
2140,4423,3
2140,4426,3
2143,4333,3
2143,4336,3
2143,4411,3
2143,4414,3
2146,4330,3
2146,4336,3
2146,4411,3
2146,4417,3
2149,4330,3
2149,4333,3
2149,4414,3
2149,4417,3
2152,4342,3
2152,4345,3
2152,4402,3
2152,4405,3
2155,4339,3
2155,4345,3
2155,4402,3
2155,4408,3
2158,4339,3
2158,4342,3
2158,4405,3
2158,4408,3
2161,4351,3
2161,4354,3
2161,4393,3
2161,4396,3
2164,4348,3
2164,4354,3
2164,4393,3
2164,4399,3
2167,4348,3
2167,4351,3
2167,4396,3
2167,4399,3
2170,4360,3
2170,4363,3
2170,4384,3
2170,4387,3
2173,4357,3
2173,4363,3
2173,4384,3
2173,4390,3
2176,4357,3
2176,4360,3
2176,4387,3
2176,4390,3
2179,4369,3
2179,4372,3
2179,4375,3
2179,4378,3
2182,4366,3
2182,4372,3
2182,4375,3
2182,4381,3
2185,4366,3
2185,4369,3
2185,4378,3
2185,4381,3