162,135,1
162,137,1
162,186,1
162,188,1
163,135,1
163,137,1
163,186,1
163,188,1
164,135,1
164,137,1
164,186,1
164,188,1
165,135,1
165,136,1
165,187,1
165,188,1
166,135,1
166,136,1
166,187,1
166,188,1
167,135,1
167,136,1
167,187,1
167,188,1
168,136,1
168,137,1
168,186,1
168,187,1
169,136,1
169,137,1
169,186,1
169,187,1
170,136,1
170,137,1
170,186,1
170,187,1
171,138,1
171,139,1
171,184,1
171,185,1
172,138,1
172,139,1
172,184,1
172,185,1
173,138,1
173,139,1
173,184,1
173,185,1
174,139,1
174,140,1
174,183,1
174,184,1
175,139,1
175,140,1
175,183,1
175,184,1
176,139,1
176,140,1
176,183,1
176,184,1
177,138,1
177,140,1
177,183,1
177,185,1
178,138,1
178,140,1
178,183,1
178,185,1
179,138,1
179,140,1
179,183,1
179,185,1
180,142,1
180,143,1
180,180,1
180,181,1
181,142,1
181,143,1
181,180,1
181,181,1
182,142,1
182,143,1
182,180,1
182,181,1
183,141,1
183,143,1
183,180,1
183,182,1
184,141,1
184,143,1
184,180,1
184,182,1
185,141,1
185,143,1
185,180,1
185,182,1
186,141,1
186,142,1
186,181,1
186,182,1
187,141,1
187,142,1
187,181,1
187,182,1
188,141,1
188,142,1
188,181,1
188,182,1
189,147,1
189,148,1
189,175,1
189,176,1
190,147,1
190,148,1
190,175,1
190,176,1
191,147,1
191,148,1
191,175,1
191,176,1
192,148,1
192,149,1
192,174,1
192,175,1
193,148,1
193,149,1
193,174,1
193,175,1
194,148,1
194,149,1
194,174,1
194,175,1
195,147,1
195,149,1
195,174,1
195,176,1
196,147,1
196,149,1
196,174,1
196,176,1
197,147,1
197,149,1
197,174,1
197,176,1
198,150,1
198,152,1
198,171,1
198,173,1
199,150,1
199,152,1
199,171,1
199,173,1
200,150,1
200,152,1
200,171,1
200,173,1
201,150,1
201,151,1
201,172,1
201,173,1
202,150,1
202,151,1
202,172,1
202,173,1
203,150,1
203,151,1
203,172,1
203,173,1
204,151,1
204,152,1
204,171,1
204,172,1
205,151,1
205,152,1
205,171,1
205,172,1
206,151,1
206,152,1
206,171,1
206,172,1
207,144,1
207,146,1
207,177,1
207,179,1
208,144,1
208,146,1
208,177,1
208,179,1
209,144,1
209,146,1
209,177,1
209,179,1
210,144,1
210,145,1
210,178,1
210,179,1
211,144,1
211,145,1
211,178,1
211,179,1
212,144,1
212,145,1
212,178,1
212,179,1
213,145,1
213,146,1
213,177,1
213,178,1
214,145,1
214,146,1
214,177,1
214,178,1
215,145,1
215,146,1
215,177,1
215,178,1
216,154,1
216,155,1
216,168,1
216,169,1
217,154,1
217,155,1
217,168,1
217,169,1
218,154,1
218,155,1
218,168,1
218,169,1
219,153,1
219,155,1
219,168,1
219,170,1
220,153,1
220,155,1
220,168,1
220,170,1
221,153,1
221,155,1
221,168,1
221,170,1
222,153,1
222,154,1
222,169,1
222,170,1
223,153,1
223,154,1
223,169,1
223,170,1
224,153,1
224,154,1
224,169,1
224,170,1
225,157,1
225,158,1
225,165,1
225,166,1
226,157,1
226,158,1
226,165,1
226,166,1
227,157,1
227,158,1
227,165,1
227,166,1
228,156,1
228,158,1
228,165,1
228,167,1
229,156,1
229,158,1
229,165,1
229,167,1
230,156,1
230,158,1
230,165,1
230,167,1
231,156,1
231,157,1
231,166,1
231,167,1
232,156,1
232,157,1
232,166,1
232,167,1
233,156,1
233,157,1
233,166,1
233,167,1
234,163,1
235,161,3
235,163,1
236,163,1
237,159,1
237,161,1
237,162,1
237,164,1
238,159,1
238,161,1
238,162,1
238,164,1
239,159,1
239,161,1
239,162,1
239,164,1
240,159,1
240,160,1
240,163,1
240,164,1
241,159,1
241,160,1
241,163,1
241,164,1
242,159,1
242,160,1
242,163,1
242,164,1