0,15,1
1,10,3
1,13,3
1,15,1
2,15,1
3,15,1
4,4,9
4,10,3
4,13,3
4,15,1
5,15,1
6,15,1
7,10,3
7,13,3
7,15,1
8,15,1
9,15,1
10,10,3
10,13,3
10,15,1
11,15,1
12,15,1
13,4,9
13,10,3
13,13,3
13,15,1
14,15,1
15,15,1
16,10,3
16,13,3
16,15,1
17,15,1
18,15,1
19,10,3
19,13,3
19,15,1
20,15,1
21,15,1
22,4,9
22,10,3
22,13,3
22,15,1
23,15,1
24,15,1
25,10,3
25,13,3
25,15,1
26,15,1
27,15,1
28,10,3
28,13,3
28,15,1
29,15,1
30,15,1
31,4,9
31,10,3
31,13,3
31,15,1
32,15,1
33,15,1
34,10,3
34,13,3
34,15,1
35,15,1
36,15,1
37,10,3
37,13,3
37,15,1
38,15,1
39,15,1
40,4,9
40,10,3
40,13,3
40,15,1
41,15,1
42,15,1
43,10,3
43,13,3
43,15,1
44,15,1
45,15,1
46,10,3
46,13,3
46,15,1
47,15,1
48,15,1
49,4,9
49,10,3
49,13,3
49,15,1
50,15,1
51,15,1
52,10,3
52,13,3
52,15,1
53,15,1
54,15,1
55,10,3
55,13,3
55,15,1
56,15,1
57,15,1
58,4,9
58,10,3
58,13,3
58,15,1
59,15,1
60,15,1
61,10,3
61,13,3
61,15,1
62,15,1
63,0,1
63,1,1
63,2,1
63,3,1
63,4,1
63,5,1
63,6,1
63,7,1
63,8,1
63,9,1
63,10,1
63,11,1
63,12,1
63,13,1
63,14,1
63,15,1