640,414,1
640,415,1
641,412,3
641,414,1
641,415,1
642,414,1
642,415,1
643,414,1
643,415,1
644,412,3
644,414,1
644,415,1
645,414,1
645,415,1
646,414,1
646,415,1
647,412,3
647,414,1
647,415,1
648,414,1
648,415,1
649,414,1
649,415,1
650,412,3
650,414,1
650,415,1
651,414,1
651,415,1
652,414,1
652,415,1
653,397,27
653,412,3
653,414,1
653,415,1
654,414,1
654,415,1
655,414,1
655,415,1
656,412,3
656,414,1
656,415,1
657,414,1
657,415,1
658,414,1
658,415,1
659,412,3
659,414,1
659,415,1
660,414,1
660,415,1
661,414,1
661,415,1
662,412,3
662,414,1
662,415,1
663,414,1
663,415,1
664,414,1
664,415,1
665,412,3
665,414,1
665,415,1
666,414,1
666,415,1
667,414,1
667,415,1
668,385,3
668,388,3
668,391,3
668,394,3
668,397,3
668,400,3
668,403,3
668,406,3
668,409,3
668,412,3
668,414,1
668,415,1
669,414,1
669,415,1
670,384,1
670,385,1
670,386,1
670,387,1
670,388,1
670,389,1
670,390,1
670,391,1
670,392,1
670,393,1
670,394,1
670,395,1
670,396,1
670,397,1
670,398,1
670,399,1
670,400,1
670,401,1
670,402,1
670,403,1
670,404,1
670,405,1
670,406,1
670,407,1
670,408,1
670,409,1
670,410,1
670,411,1
670,412,1
670,413,1
670,414,1
670,415,1
671,384,1
671,385,1
671,386,1
671,387,1
671,388,1
671,389,1
671,390,1
671,391,1
671,392,1
671,393,1
671,394,1
671,395,1
671,396,1
671,397,1
671,398,1
671,399,1
671,400,1
671,401,1
671,402,1
671,403,1
671,404,1
671,405,1
671,406,1
671,407,1
671,408,1
671,409,1
671,410,1
671,411,1
671,412,1
671,413,1
671,414,1
671,415,1
672,446,1
672,447,1
673,444,3
673,446,1
673,447,1
674,446,1
674,447,1
675,446,1
675,447,1
676,444,3
676,446,1
676,447,1
677,446,1
677,447,1
678,446,1
678,447,1
679,444,3
679,446,1
679,447,1
680,446,1
680,447,1
681,446,1
681,447,1
682,444,3
682,446,1
682,447,1
683,446,1
683,447,1
684,446,1
684,447,1
685,429,27
685,444,3
685,446,1
685,447,1
686,446,1
686,447,1
687,446,1
687,447,1
688,444,3
688,446,1
688,447,1
689,446,1
689,447,1
690,446,1
690,447,1
691,444,3
691,446,1
691,447,1
692,446,1
692,447,1
693,446,1
693,447,1
694,444,3
694,446,1
694,447,1
695,446,1
695,447,1
696,446,1
696,447,1
697,444,3
697,446,1
697,447,1
698,446,1
698,447,1
699,446,1
699,447,1
700,417,3
700,420,3
700,423,3
700,426,3
700,429,3
700,432,3
700,435,3
700,438,3
700,441,3
700,444,3
700,446,1
700,447,1
701,446,1
701,447,1
702,416,1
702,417,1
702,418,1
702,419,1
702,420,1
702,421,1
702,422,1
702,423,1
702,424,1
702,425,1
702,426,1
702,427,1
702,428,1
702,429,1
702,430,1
702,431,1
702,432,1
702,433,1
702,434,1
702,435,1
702,436,1
702,437,1
702,438,1
702,439,1
702,440,1
702,441,1
702,442,1
702,443,1
702,444,1
702,445,1
702,446,1
702,447,1
703,416,1
703,417,1
703,418,1
703,419,1
703,420,1
703,421,1
703,422,1
703,423,1
703,424,1
703,425,1
703,426,1
703,427,1
703,428,1
703,429,1
703,430,1
703,431,1
703,432,1
703,433,1
703,434,1
703,435,1
703,436,1
703,437,1
703,438,1
703,439,1
703,440,1
703,441,1
703,442,1
703,443,1
703,444,1
703,445,1
703,446,1
703,447,1
704,510,1
704,511,1
705,508,3
705,510,1
705,511,1
706,510,1
706,511,1
707,510,1
707,511,1
708,508,3
708,510,1
708,511,1
709,510,1
709,511,1
710,510,1
710,511,1
711,508,3
711,510,1
711,511,1
712,510,1
712,511,1
713,510,1
713,511,1
714,508,3
714,510,1
714,511,1
715,510,1
715,511,1
716,510,1
716,511,1
717,493,27
717,508,3
717,510,1
717,511,1
718,510,1
718,511,1
719,510,1
719,511,1
720,508,3
720,510,1
720,511,1
721,510,1
721,511,1
722,510,1
722,511,1
723,508,3
723,510,1
723,511,1
724,510,1
724,511,1
725,510,1
725,511,1
726,508,3
726,510,1
726,511,1
727,510,1
727,511,1
728,510,1
728,511,1
729,508,3
729,510,1
729,511,1
730,510,1
730,511,1
731,510,1
731,511,1
732,481,3
732,484,3
732,487,3
732,490,3
732,493,3
732,496,3
732,499,3
732,502,3
732,505,3
732,508,3
732,510,1
732,511,1
733,510,1
733,511,1
734,480,1
734,481,1
734,482,1
734,483,1
734,484,1
734,485,1
734,486,1
734,487,1
734,488,1
734,489,1
734,490,1
734,491,1
734,492,1
734,493,1
734,494,1
734,495,1
734,496,1
734,497,1
734,498,1
734,499,1
734,500,1
734,501,1
734,502,1
734,503,1
734,504,1
734,505,1
734,506,1
734,507,1
734,508,1
734,509,1
734,510,1
734,511,1
735,480,1
735,481,1
735,482,1
735,483,1
735,484,1
735,485,1
735,486,1
735,487,1
735,488,1
735,489,1
735,490,1
735,491,1
735,492,1
735,493,1
735,494,1
735,495,1
735,496,1
735,497,1
735,498,1
735,499,1
735,500,1
735,501,1
735,502,1
735,503,1
735,504,1
735,505,1
735,506,1
735,507,1
735,508,1
735,509,1
735,510,1
735,511,1
736,478,1
736,479,1
737,476,3
737,478,1
737,479,1
738,478,1
738,479,1
739,478,1
739,479,1
740,476,3
740,478,1
740,479,1
741,478,1
741,479,1
742,478,1
742,479,1
743,476,3
743,478,1
743,479,1
744,478,1
744,479,1
745,478,1
745,479,1
746,476,3
746,478,1
746,479,1
747,478,1
747,479,1
748,478,1
748,479,1
749,461,27
749,476,3
749,478,1
749,479,1
750,478,1
750,479,1
751,478,1
751,479,1
752,476,3
752,478,1
752,479,1
753,478,1
753,479,1
754,478,1
754,479,1
755,476,3
755,478,1
755,479,1
756,478,1
756,479,1
757,478,1
757,479,1
758,476,3
758,478,1
758,479,1
759,478,1
759,479,1
760,478,1
760,479,1
761,476,3
761,478,1
761,479,1
762,478,1
762,479,1
763,478,1
763,479,1
764,449,3
764,452,3
764,455,3
764,458,3
764,461,3
764,464,3
764,467,3
764,470,3
764,473,3
764,476,3
764,478,1
764,479,1
765,478,1
765,479,1
766,448,1
766,449,1
766,450,1
766,451,1
766,452,1
766,453,1
766,454,1
766,455,1
766,456,1
766,457,1
766,458,1
766,459,1
766,460,1
766,461,1
766,462,1
766,463,1
766,464,1
766,465,1
766,466,1
766,467,1
766,468,1
766,469,1
766,470,1
766,471,1
766,472,1
766,473,1
766,474,1
766,475,1
766,476,1
766,477,1
766,478,1
766,479,1
767,448,1
767,449,1
767,450,1
767,451,1
767,452,1
767,453,1
767,454,1
767,455,1
767,456,1
767,457,1
767,458,1
767,459,1
767,460,1
767,461,1
767,462,1
767,463,1
767,464,1
767,465,1
767,466,1
767,467,1
767,468,1
767,469,1
767,470,1
767,471,1
767,472,1
767,473,1
767,474,1
767,475,1
767,476,1
767,477,1
767,478,1
767,479,1