256,767,1
257,765,3
257,767,1
258,767,1
259,767,1
260,759,9
260,765,3
260,767,1
261,767,1
262,767,1
263,765,3
263,767,1
264,767,1
265,767,1
266,765,3
266,767,1
267,767,1
268,767,1
269,759,9
269,765,3
269,767,1
270,767,1
271,767,1
272,765,3
272,767,1
273,767,1
274,767,1
275,765,3
275,767,1
276,767,1
277,767,1
278,759,9
278,765,3
278,767,1
279,767,1
280,767,1
281,765,3
281,767,1
282,767,1
283,767,1
284,765,3
284,767,1
285,767,1
286,767,1
287,759,9
287,765,3
287,767,1
288,767,1
289,767,1
290,765,3
290,767,1
291,767,1
292,767,1
293,765,3
293,767,1
294,767,1
295,767,1
296,759,9
296,765,3
296,767,1
297,767,1
298,767,1
299,765,3
299,767,1
300,767,1
301,767,1
302,765,3
302,767,1
303,767,1
304,767,1
305,759,9
305,765,3
305,767,1
306,767,1
307,767,1
308,765,3
308,767,1
309,767,1
310,767,1
311,765,3
311,767,1
312,767,1
313,767,1
314,759,9
314,765,3
314,767,1
315,767,1
316,767,1
317,765,3
317,767,1
318,767,1
319,767,1
320,765,3
320,767,1
321,767,1
322,767,1
323,759,9
323,765,3
323,767,1
324,767,1
325,767,1
326,765,3
326,767,1
327,767,1
328,767,1
329,765,3
329,767,1
330,767,1
331,767,1
332,759,9
332,765,3
332,767,1
333,767,1
334,767,1
335,765,3
335,767,1
336,767,1
337,767,1
338,765,3
338,767,1
339,767,1
340,767,1
341,759,9
341,765,3
341,767,1
342,767,1
343,767,1
344,765,3
344,767,1
345,767,1
346,767,1
347,765,3
347,767,1
348,767,1
349,767,1
350,759,9
350,765,3
350,767,1
351,767,1
352,767,1
353,765,3
353,767,1
354,767,1
355,767,1
356,765,3
356,767,1
357,767,1
358,767,1
359,759,9
359,765,3
359,767,1
360,767,1
361,767,1
362,765,3
362,767,1
363,767,1
364,767,1
365,765,3
365,767,1
366,767,1
367,767,1
368,759,9
368,765,3
368,767,1
369,767,1
370,767,1
371,765,3
371,767,1
372,767,1
373,767,1
374,765,3
374,767,1
375,767,1
376,767,1
377,633,243
377,759,9
377,765,3
377,767,1
378,767,1
379,767,1
380,765,3
380,767,1
381,767,1
382,767,1
383,765,3
383,767,1
384,767,1
385,767,1
386,759,9
386,765,3
386,767,1
387,767,1
388,767,1
389,765,3
389,767,1
390,767,1
391,767,1
392,765,3
392,767,1
393,767,1
394,767,1
395,759,9
395,765,3
395,767,1
396,767,1
397,767,1
398,765,3
398,767,1
399,767,1
400,767,1
401,765,3
401,767,1
402,767,1
403,767,1
404,759,9
404,765,3
404,767,1
405,767,1
406,767,1
407,765,3
407,767,1
408,767,1
409,767,1
410,765,3
410,767,1
411,767,1
412,767,1
413,759,9
413,765,3
413,767,1
414,767,1
415,767,1
416,765,3
416,767,1
417,767,1
418,767,1
419,765,3
419,767,1
420,767,1
421,767,1
422,759,9
422,765,3
422,767,1
423,767,1
424,767,1
425,765,3
425,767,1
426,767,1
427,767,1
428,765,3
428,767,1
429,767,1
430,767,1
431,759,9
431,765,3
431,767,1
432,767,1
433,767,1
434,765,3
434,767,1
435,767,1
436,767,1
437,765,3
437,767,1
438,767,1
439,767,1
440,759,9
440,765,3
440,767,1
441,767,1
442,767,1
443,765,3
443,767,1
444,767,1
445,767,1
446,765,3
446,767,1
447,767,1
448,767,1
449,759,9
449,765,3
449,767,1
450,767,1
451,767,1
452,765,3
452,767,1
453,767,1
454,767,1
455,765,3
455,767,1
456,767,1
457,767,1
458,759,9
458,765,3
458,767,1
459,767,1
460,767,1
461,765,3
461,767,1
462,767,1
463,767,1
464,765,3
464,767,1
465,767,1
466,767,1
467,759,9
467,765,3
467,767,1
468,767,1
469,767,1
470,765,3
470,767,1
471,767,1
472,767,1
473,765,3
473,767,1
474,767,1
475,767,1
476,759,9
476,765,3
476,767,1
477,767,1
478,767,1
479,765,3
479,767,1
480,767,1
481,767,1
482,765,3
482,767,1
483,767,1
484,767,1
485,759,9
485,765,3
485,767,1
486,767,1
487,767,1
488,765,3
488,767,1
489,767,1
490,767,1
491,765,3
491,767,1
492,767,1
493,767,1
494,759,9
494,765,3
494,767,1
495,767,1
496,767,1
497,765,3
497,767,1
498,767,1
499,767,1
500,765,3
500,767,1
501,767,1
502,767,1
503,516,9
503,525,9
503,534,9
503,543,9
503,552,9
503,561,9
503,570,9
503,579,9
503,588,9
503,597,9
503,606,9
503,615,9
503,624,9
503,633,9
503,642,9
503,651,9
503,660,9
503,669,9
503,678,9
503,687,9
503,696,9
503,705,9
503,714,9
503,723,9
503,732,9
503,741,9
503,750,9
503,759,9
503,765,3
503,767,1
504,767,1
505,767,1
506,765,3
506,767,1
507,767,1
508,767,1
509,513,3
509,516,3
509,519,3
509,522,3
509,525,3
509,528,3
509,531,3
509,534,3
509,537,3
509,540,3
509,543,3
509,546,3
509,549,3
509,552,3
509,555,3
509,558,3
509,561,3
509,564,3
509,567,3
509,570,3
509,573,3
509,576,3
509,579,3
509,582,3
509,585,3
509,588,3
509,591,3
509,594,3
509,597,3
509,600,3
509,603,3
509,606,3
509,609,3
509,612,3
509,615,3
509,618,3
509,621,3
509,624,3
509,627,3
509,630,3
509,633,3
509,636,3
509,639,3
509,642,3
509,645,3
509,648,3
509,651,3
509,654,3
509,657,3
509,660,3
509,663,3
509,666,3
509,669,3
509,672,3
509,675,3
509,678,3
509,681,3
509,684,3
509,687,3
509,690,3
509,693,3
509,696,3
509,699,3
509,702,3
509,705,3
509,708,3
509,711,3
509,714,3
509,717,3
509,720,3
509,723,3
509,726,3
509,729,3
509,732,3
509,735,3
509,738,3
509,741,3
509,744,3
509,747,3
509,750,3
509,753,3
509,756,3
509,759,3
509,762,3
509,765,3
509,767,1
510,767,1
511,512,1
511,513,1
511,514,1
511,515,1
511,516,1
511,517,1
511,518,1
511,519,1
511,520,1
511,521,1
511,522,1
511,523,1
511,524,1
511,525,1
511,526,1
511,527,1
511,528,1
511,529,1
511,530,1
511,531,1
511,532,1
511,533,1
511,534,1
511,535,1
511,536,1
511,537,1
511,538,1
511,539,1
511,540,1
511,541,1
511,542,1
511,543,1
511,544,1
511,545,1
511,546,1
511,547,1
511,548,1
511,549,1
511,550,1
511,551,1
511,552,1
511,553,1
511,554,1
511,555,1
511,556,1
511,557,1
511,558,1
511,559,1
511,560,1
511,561,1
511,562,1
511,563,1
511,564,1
511,565,1
511,566,1
511,567,1
511,568,1
511,569,1
511,570,1
511,571,1
511,572,1
511,573,1
511,574,1
511,575,1
511,576,1
511,577,1
511,578,1
511,579,1
511,580,1
511,581,1
511,582,1
511,583,1
511,584,1
511,585,1
511,586,1
511,587,1
511,588,1
511,589,1
511,590,1
511,591,1
511,592,1
511,593,1
511,594,1
511,595,1
511,596,1
511,597,1
511,598,1
511,599,1
511,600,1
511,601,1
511,602,1
511,603,1
511,604,1
511,605,1
511,606,1
511,607,1
511,608,1
511,609,1
511,610,1
511,611,1
511,612,1
511,613,1
511,614,1
511,615,1
511,616,1
511,617,1
511,618,1
511,619,1
511,620,1
511,621,1
511,622,1
511,623,1
511,624,1
511,625,1
511,626,1
511,627,1
511,628,1
511,629,1
511,630,1
511,631,1
511,632,1
511,633,1
511,634,1
511,635,1
511,636,1
511,637,1
511,638,1
511,639,1
511,640,1
511,641,1
511,642,1
511,643,1
511,644,1
511,645,1
511,646,1
511,647,1
511,648,1
511,649,1
511,650,1
511,651,1
511,652,1
511,653,1
511,654,1
511,655,1
511,656,1
511,657,1
511,658,1
511,659,1
511,660,1
511,661,1
511,662,1
511,663,1
511,664,1
511,665,1
511,666,1
511,667,1
511,668,1
511,669,1
511,670,1
511,671,1
511,672,1
511,673,1
511,674,1
511,675,1
511,676,1
511,677,1
511,678,1
511,679,1
511,680,1
511,681,1
511,682,1
511,683,1
511,684,1
511,685,1
511,686,1
511,687,1
511,688,1
511,689,1
511,690,1
511,691,1
511,692,1
511,693,1
511,694,1
511,695,1
511,696,1
511,697,1
511,698,1
511,699,1
511,700,1
511,701,1
511,702,1
511,703,1
511,704,1
511,705,1
511,706,1
511,707,1
511,708,1
511,709,1
511,710,1
511,711,1
511,712,1
511,713,1
511,714,1
511,715,1
511,716,1
511,717,1
511,718,1
511,719,1
511,720,1
511,721,1
511,722,1
511,723,1
511,724,1
511,725,1
511,726,1
511,727,1
511,728,1
511,729,1
511,730,1
511,731,1
511,732,1
511,733,1
511,734,1
511,735,1
511,736,1
511,737,1
511,738,1
511,739,1
511,740,1
511,741,1
511,742,1
511,743,1
511,744,1
511,745,1
511,746,1
511,747,1
511,748,1
511,749,1
511,750,1
511,751,1
511,752,1
511,753,1
511,754,1
511,755,1
511,756,1
511,757,1
511,758,1
511,759,1
511,760,1
511,761,1
511,762,1
511,763,1
511,764,1
511,765,1
511,766,1
511,767,1
512,1023,1
513,1021,3
513,1023,1
514,1023,1
515,1023,1
516,1015,9
516,1021,3
516,1023,1
517,1023,1
518,1023,1
519,1021,3
519,1023,1
520,1023,1
521,1023,1
522,1021,3
522,1023,1
523,1023,1
524,1023,1
525,1015,9
525,1021,3
525,1023,1
526,1023,1
527,1023,1
528,1021,3
528,1023,1
529,1023,1
530,1023,1
531,1021,3
531,1023,1
532,1023,1
533,1023,1
534,1015,9
534,1021,3
534,1023,1
535,1023,1
536,1023,1
537,1021,3
537,1023,1
538,1023,1
539,1023,1
540,1021,3
540,1023,1
541,1023,1
542,1023,1
543,1015,9
543,1021,3
543,1023,1
544,1023,1
545,1023,1
546,1021,3
546,1023,1
547,1023,1
548,1023,1
549,1021,3
549,1023,1
550,1023,1
551,1023,1
552,1015,9
552,1021,3
552,1023,1
553,1023,1
554,1023,1
555,1021,3
555,1023,1
556,1023,1
557,1023,1
558,1021,3
558,1023,1
559,1023,1
560,1023,1
561,1015,9
561,1021,3
561,1023,1
562,1023,1
563,1023,1
564,1021,3
564,1023,1
565,1023,1
566,1023,1
567,1021,3
567,1023,1
568,1023,1
569,1023,1
570,1015,9
570,1021,3
570,1023,1
571,1023,1
572,1023,1
573,1021,3
573,1023,1
574,1023,1
575,1023,1
576,1021,3
576,1023,1
577,1023,1
578,1023,1
579,1015,9
579,1021,3
579,1023,1
580,1023,1
581,1023,1
582,1021,3
582,1023,1
583,1023,1
584,1023,1
585,1021,3
585,1023,1
586,1023,1
587,1023,1
588,1015,9
588,1021,3
588,1023,1
589,1023,1
590,1023,1
591,1021,3
591,1023,1
592,1023,1
593,1023,1
594,1021,3
594,1023,1
595,1023,1
596,1023,1
597,1015,9
597,1021,3
597,1023,1
598,1023,1
599,1023,1
600,1021,3
600,1023,1
601,1023,1
602,1023,1
603,1021,3
603,1023,1
604,1023,1
605,1023,1
606,1015,9
606,1021,3
606,1023,1
607,1023,1
608,1023,1
609,1021,3
609,1023,1
610,1023,1
611,1023,1
612,1021,3
612,1023,1
613,1023,1
614,1023,1
615,1015,9
615,1021,3
615,1023,1
616,1023,1
617,1023,1
618,1021,3
618,1023,1
619,1023,1
620,1023,1
621,1021,3
621,1023,1
622,1023,1
623,1023,1
624,1015,9
624,1021,3
624,1023,1
625,1023,1
626,1023,1
627,1021,3
627,1023,1
628,1023,1
629,1023,1
630,1021,3
630,1023,1
631,1023,1
632,1023,1
633,889,243
633,1015,9
633,1021,3
633,1023,1
634,1023,1
635,1023,1
636,1021,3
636,1023,1
637,1023,1
638,1023,1
639,1021,3
639,1023,1
640,1023,1
641,1023,1
642,1015,9
642,1021,3
642,1023,1
643,1023,1
644,1023,1
645,1021,3
645,1023,1
646,1023,1
647,1023,1
648,1021,3
648,1023,1
649,1023,1
650,1023,1
651,1015,9
651,1021,3
651,1023,1
652,1023,1
653,1023,1
654,1021,3
654,1023,1
655,1023,1
656,1023,1
657,1021,3
657,1023,1
658,1023,1
659,1023,1
660,1015,9
660,1021,3
660,1023,1
661,1023,1
662,1023,1
663,1021,3
663,1023,1
664,1023,1
665,1023,1
666,1021,3
666,1023,1
667,1023,1
668,1023,1
669,1015,9
669,1021,3
669,1023,1
670,1023,1
671,1023,1
672,1021,3
672,1023,1
673,1023,1
674,1023,1
675,1021,3
675,1023,1
676,1023,1
677,1023,1
678,1015,9
678,1021,3
678,1023,1
679,1023,1
680,1023,1
681,1021,3
681,1023,1
682,1023,1
683,1023,1
684,1021,3
684,1023,1
685,1023,1
686,1023,1
687,1015,9
687,1021,3
687,1023,1
688,1023,1
689,1023,1
690,1021,3
690,1023,1
691,1023,1
692,1023,1
693,1021,3
693,1023,1
694,1023,1
695,1023,1
696,1015,9
696,1021,3
696,1023,1
697,1023,1
698,1023,1
699,1021,3
699,1023,1
700,1023,1
701,1023,1
702,1021,3
702,1023,1
703,1023,1
704,1023,1
705,1015,9
705,1021,3
705,1023,1
706,1023,1
707,1023,1
708,1021,3
708,1023,1
709,1023,1
710,1023,1
711,1021,3
711,1023,1
712,1023,1
713,1023,1
714,1015,9
714,1021,3
714,1023,1
715,1023,1
716,1023,1
717,1021,3
717,1023,1
718,1023,1
719,1023,1
720,1021,3
720,1023,1
721,1023,1
722,1023,1
723,1015,9
723,1021,3
723,1023,1
724,1023,1
725,1023,1
726,1021,3
726,1023,1
727,1023,1
728,1023,1
729,1021,3
729,1023,1
730,1023,1
731,1023,1
732,1015,9
732,1021,3
732,1023,1
733,1023,1
734,1023,1
735,1021,3
735,1023,1
736,1023,1
737,1023,1
738,1021,3
738,1023,1
739,1023,1
740,1023,1
741,1015,9
741,1021,3
741,1023,1
742,1023,1
743,1023,1
744,1021,3
744,1023,1
745,1023,1
746,1023,1
747,1021,3
747,1023,1
748,1023,1
749,1023,1
750,1015,9
750,1021,3
750,1023,1
751,1023,1
752,1023,1
753,1021,3
753,1023,1
754,1023,1
755,1023,1
756,1021,3
756,1023,1
757,1023,1
758,1023,1
759,772,9
759,781,9
759,790,9
759,799,9
759,808,9
759,817,9
759,826,9
759,835,9
759,844,9
759,853,9
759,862,9
759,871,9
759,880,9
759,889,9
759,898,9
759,907,9
759,916,9
759,925,9
759,934,9
759,943,9
759,952,9
759,961,9
759,970,9
759,979,9
759,988,9
759,997,9
759,1006,9
759,1015,9
759,1021,3
759,1023,1
760,1023,1
761,1023,1
762,1021,3
762,1023,1
763,1023,1
764,1023,1
765,769,3
765,772,3
765,775,3
765,778,3
765,781,3
765,784,3
765,787,3
765,790,3
765,793,3
765,796,3
765,799,3
765,802,3
765,805,3
765,808,3
765,811,3
765,814,3
765,817,3
765,820,3
765,823,3
765,826,3
765,829,3
765,832,3
765,835,3
765,838,3
765,841,3
765,844,3
765,847,3
765,850,3
765,853,3
765,856,3
765,859,3
765,862,3
765,865,3
765,868,3
765,871,3
765,874,3
765,877,3
765,880,3
765,883,3
765,886,3
765,889,3
765,892,3
765,895,3
765,898,3
765,901,3
765,904,3
765,907,3
765,910,3
765,913,3
765,916,3
765,919,3
765,922,3
765,925,3
765,928,3
765,931,3
765,934,3
765,937,3
765,940,3
765,943,3
765,946,3
765,949,3
765,952,3
765,955,3
765,958,3
765,961,3
765,964,3
765,967,3
765,970,3
765,973,3
765,976,3
765,979,3
765,982,3
765,985,3
765,988,3
765,991,3
765,994,3
765,997,3
765,1000,3
765,1003,3
765,1006,3
765,1009,3
765,1012,3
765,1015,3
765,1018,3
765,1021,3
765,1023,1
766,1023,1
767,768,1
767,769,1
767,770,1
767,771,1
767,772,1
767,773,1
767,774,1
767,775,1
767,776,1
767,777,1
767,778,1
767,779,1
767,780,1
767,781,1
767,782,1
767,783,1
767,784,1
767,785,1
767,786,1
767,787,1
767,788,1
767,789,1
767,790,1
767,791,1
767,792,1
767,793,1
767,794,1
767,795,1
767,796,1
767,797,1
767,798,1
767,799,1
767,800,1
767,801,1
767,802,1
767,803,1
767,804,1
767,805,1
767,806,1
767,807,1
767,808,1
767,809,1
767,810,1
767,811,1
767,812,1
767,813,1
767,814,1
767,815,1
767,816,1
767,817,1
767,818,1
767,819,1
767,820,1
767,821,1
767,822,1
767,823,1
767,824,1
767,825,1
767,826,1
767,827,1
767,828,1
767,829,1
767,830,1
767,831,1
767,832,1
767,833,1
767,834,1
767,835,1
767,836,1
767,837,1
767,838,1
767,839,1
767,840,1
767,841,1
767,842,1
767,843,1
767,844,1
767,845,1
767,846,1
767,847,1
767,848,1
767,849,1
767,850,1
767,851,1
767,852,1
767,853,1
767,854,1
767,855,1
767,856,1
767,857,1
767,858,1
767,859,1
767,860,1
767,861,1
767,862,1
767,863,1
767,864,1
767,865,1
767,866,1
767,867,1
767,868,1
767,869,1
767,870,1
767,871,1
767,872,1
767,873,1
767,874,1
767,875,1
767,876,1
767,877,1
767,878,1
767,879,1
767,880,1
767,881,1
767,882,1
767,883,1
767,884,1
767,885,1
767,886,1
767,887,1
767,888,1
767,889,1
767,890,1
767,891,1
767,892,1
767,893,1
767,894,1
767,895,1
767,896,1
767,897,1
767,898,1
767,899,1
767,900,1
767,901,1
767,902,1
767,903,1
767,904,1
767,905,1
767,906,1
767,907,1
767,908,1
767,909,1
767,910,1
767,911,1
767,912,1
767,913,1
767,914,1
767,915,1
767,916,1
767,917,1
767,918,1
767,919,1
767,920,1
767,921,1
767,922,1
767,923,1
767,924,1
767,925,1
767,926,1
767,927,1
767,928,1
767,929,1
767,930,1
767,931,1
767,932,1
767,933,1
767,934,1
767,935,1
767,936,1
767,937,1
767,938,1
767,939,1
767,940,1
767,941,1
767,942,1
767,943,1
767,944,1
767,945,1
767,946,1
767,947,1
767,948,1
767,949,1
767,950,1
767,951,1
767,952,1
767,953,1
767,954,1
767,955,1
767,956,1
767,957,1
767,958,1
767,959,1
767,960,1
767,961,1
767,962,1
767,963,1
767,964,1
767,965,1
767,966,1
767,967,1
767,968,1
767,969,1
767,970,1
767,971,1
767,972,1
767,973,1
767,974,1
767,975,1
767,976,1
767,977,1
767,978,1
767,979,1
767,980,1
767,981,1
767,982,1
767,983,1
767,984,1
767,985,1
767,986,1
767,987,1
767,988,1
767,989,1
767,990,1
767,991,1
767,992,1
767,993,1
767,994,1
767,995,1
767,996,1
767,997,1
767,998,1
767,999,1
767,1000,1
767,1001,1
767,1002,1
767,1003,1
767,1004,1
767,1005,1
767,1006,1
767,1007,1
767,1008,1
767,1009,1
767,1010,1
767,1011,1
767,1012,1
767,1013,1
767,1014,1
767,1015,1
767,1016,1
767,1017,1
767,1018,1
767,1019,1
767,1020,1
767,1021,1
767,1022,1
767,1023,1