1462,3676,9
1462,3685,9
1462,5062,9
1462,5071,9
1471,3685,9
1471,3694,9
1471,5053,9
1471,5062,9
1480,3676,9
1480,3694,9
1480,5053,9
1480,5071,9
1489,3712,9
1489,3721,9
1489,5026,9
1489,5035,9
1498,3703,9
1498,3721,9
1498,5026,9
1498,5044,9
1507,3703,9
1507,3712,9
1507,5035,9
1507,5044,9
1516,3649,9
1516,3658,9
1516,5089,9
1516,5098,9
1525,3658,9
1525,3667,9
1525,5080,9
1525,5089,9
1534,3649,9
1534,3667,9
1534,5080,9
1534,5098,9
1543,3793,9
1543,3802,9
1543,4945,9
1543,4954,9
1552,3784,9
1552,3802,9
1552,4945,9
1552,4963,9
1561,3784,9
1561,3793,9
1561,4954,9
1561,4963,9
1570,3730,9
1570,3739,9
1570,5008,9
1570,5017,9
1579,3739,9
1579,3748,9
1579,4999,9
1579,5008,9
1588,3730,9
1588,3748,9
1588,4999,9
1588,5017,9
1597,3766,9
1597,3775,9
1597,4972,9
1597,4981,9
1606,3757,9
1606,3775,9
1606,4972,9
1606,4990,9
1615,3757,9
1615,3766,9
1615,4981,9
1615,4990,9
1624,3820,9
1624,3829,9
1624,4918,9
1624,4927,9
1633,3811,9
1633,3829,9
1633,4918,9
1633,4936,9
1642,3811,9
1642,3820,9
1642,4927,9
1642,4936,9
1651,3838,9
1651,3856,9
1651,4891,9
1651,4909,9
1660,3838,9
1660,3847,9
1660,4900,9
1660,4909,9
1669,3847,9
1669,3856,9
1669,4891,9
1669,4900,9
1678,3865,9
1678,3874,9
1678,4873,9
1678,4882,9
1687,3874,9
1687,3883,9
1687,4864,9
1687,4873,9
1696,3865,9
1696,3883,9
1696,4864,9
1696,4882,9
1705,4027,9
1705,4045,9
1705,4702,9
1705,4720,9
1714,4027,9
1714,4036,9
1714,4711,9
1714,4720,9
1723,4036,9
1723,4045,9
1723,4702,9
1723,4711,9
1732,3973,9
1732,3991,9
1732,4756,9
1732,4774,9
1741,3973,9
1741,3982,9
1741,4765,9
1741,4774,9
1750,3982,9
1750,3991,9
1750,4756,9
1750,4765,9
1759,4009,9
1759,4018,9
1759,4729,9
1759,4738,9
1768,4000,9
1768,4018,9
1768,4729,9
1768,4747,9
1777,4000,9
1777,4009,9
1777,4738,9
1777,4747,9
1786,4081,9
1786,4099,9
1786,4648,9
1786,4666,9
1795,4081,9
1795,4090,9
1795,4657,9
1795,4666,9
1804,4090,9
1804,4099,9
1804,4648,9
1804,4657,9
1813,4117,9
1813,4126,9
1813,4621,9
1813,4630,9
1822,4108,9
1822,4126,9
1822,4621,9
1822,4639,9
1831,4108,9
1831,4117,9
1831,4630,9
1831,4639,9
1840,4063,9
1840,4072,9
1840,4675,9
1840,4684,9
1849,4054,9
1849,4072,9
1849,4675,9
1849,4693,9
1858,4054,9
1858,4063,9
1858,4684,9
1858,4693,9
1867,3919,9
1867,3928,9
1867,4819,9
1867,4828,9
1876,3928,9
1876,3937,9
1876,4810,9
1876,4819,9
1885,3919,9
1885,3937,9
1885,4810,9
1885,4828,9
1894,3946,9
1894,3964,9
1894,4783,9
1894,4801,9
1903,3946,9
1903,3955,9
1903,4792,9
1903,4801,9
1912,3955,9
1912,3964,9
1912,4783,9
1912,4792,9
1921,3892,9
1921,3910,9
1921,4837,9
1921,4855,9
1930,3892,9
1930,3901,9
1930,4846,9
1930,4855,9
1939,3901,9
1939,3910,9
1939,4837,9
1939,4846,9
1948,4135,9
1948,4144,9
1948,4603,9
1948,4612,9
1957,4144,9
1957,4153,9
1957,4594,9
1957,4603,9
1966,4135,9
1966,4153,9
1966,4594,9
1966,4612,9
1975,4162,9
1975,4171,9
1975,4576,9
1975,4585,9
1984,4171,9
1984,4180,9
1984,4567,9
1984,4576,9
1993,4162,9
1993,4180,9
1993,4567,9
1993,4585,9
2002,4189,9
2002,4198,9
2002,4549,9
2002,4558,9
2011,4198,9
2011,4207,9
2011,4540,9
2011,4549,9
2020,4189,9
2020,4207,9
2020,4540,9
2020,4558,9
2029,4216,9
2029,4225,9
2029,4522,9
2029,4531,9
2038,4225,9
2038,4234,9
2038,4513,9
2038,4522,9
2047,4216,9
2047,4234,9
2047,4513,9
2047,4531,9
2056,4243,9
2056,4252,9
2056,4495,9
2056,4504,9
2065,4252,9
2065,4261,9
2065,4486,9
2065,4495,9
2074,4243,9
2074,4261,9
2074,4486,9
2074,4504,9
2083,4270,9
2083,4279,9
2083,4468,9
2083,4477,9
2092,4279,9
2092,4288,9
2092,4459,9
2092,4468,9
2101,4270,9
2101,4288,9
2101,4459,9
2101,4477,9
2110,4306,9
2110,4315,9
2110,4432,9
2110,4441,9
2119,4297,9
2119,4315,9
2119,4432,9
2119,4450,9
2128,4297,9
2128,4306,9
2128,4441,9
2128,4450,9
2137,4333,9
2137,4342,9
2137,4405,9
2137,4414,9
2146,4324,9
2146,4342,9
2146,4405,9
2146,4423,9
2155,4324,9
2155,4333,9
2155,4414,9
2155,4423,9
2164,4360,9
2164,4369,9
2164,4378,9
2164,4387,9
2173,4351,9
2173,4369,9
2173,4378,9
2173,4396,9
2182,4351,9
2182,4360,9
2182,4387,9
2182,4396,9