160,50,1
160,51,1
161,45,3
161,48,3
161,50,1
161,51,1
162,50,1
162,51,1
163,50,1
163,51,1
164,45,3
164,48,3
164,50,1
164,51,1
165,50,1
165,51,1
166,44,1
166,45,1
166,46,1
166,47,1
166,48,1
166,49,1
166,50,1
166,51,1
167,44,1
167,45,1
167,46,1
167,47,1
167,48,1
167,49,1
167,50,1
167,51,1
168,43,1
168,55,1
169,41,3
169,43,1
169,53,3
169,55,1
170,43,1
170,55,1
171,43,1
171,55,1
172,41,3
172,43,1
172,53,3
172,55,1
173,43,1
173,55,1
174,40,1
174,41,1
174,42,1
174,43,1
174,52,1
174,53,1
174,54,1
174,55,1
175,40,1
175,41,1
175,42,1
175,43,1
175,52,1
175,53,1
175,54,1
175,55,1
176,35,1
176,63,1
177,33,3
177,35,1
177,61,3
177,63,1
178,35,1
178,63,1
179,35,1
179,63,1
180,33,3
180,35,1
180,61,3
180,63,1
181,35,1
181,63,1
182,32,1
182,33,1
182,34,1
182,35,1
182,60,1
182,61,1
182,62,1
182,63,1
183,32,1
183,33,1
183,34,1
183,35,1
183,60,1
183,61,1
183,62,1
183,63,1
184,39,1
184,59,1
185,37,3
185,39,1
185,57,3
185,59,1
186,39,1
186,59,1
187,39,1
187,59,1
188,37,3
188,39,1
188,57,3
188,59,1
189,39,1
189,59,1
190,36,1
190,37,1
190,38,1
190,39,1
190,56,1
190,57,1
190,58,1
190,59,1
191,36,1
191,37,1
191,38,1
191,39,1
191,56,1
191,57,1
191,58,1
191,59,1