1458,3696,1
1458,3698,1
1458,5049,1
1458,5051,1
1459,3696,1
1459,3697,1
1459,5050,1
1459,5051,1
1460,3697,1
1460,3698,1
1460,5049,1
1460,5050,1
1461,3691,1
1461,3692,1
1461,5055,1
1461,5056,1
1462,3690,1
1462,3692,1
1462,5055,1
1462,5057,1
1463,3690,1
1463,3691,1
1463,5056,1
1463,5057,1
1464,3693,1
1464,3695,1
1464,5052,1
1464,5054,1
1465,3693,1
1465,3694,1
1465,5053,1
1465,5054,1
1466,3694,1
1466,3695,1
1466,5052,1
1466,5053,1
1467,3675,1
1467,3677,1
1467,5070,1
1467,5072,1
1468,3675,1
1468,3676,1
1468,5071,1
1468,5072,1
1469,3676,1
1469,3677,1
1469,5070,1
1469,5071,1
1470,3678,1
1470,3679,1
1470,5068,1
1470,5069,1
1471,3679,1
1471,3680,1
1471,5067,1
1471,5068,1
1472,3678,1
1472,3680,1
1472,5067,1
1472,5069,1
1473,3672,1
1473,3674,1
1473,5073,1
1473,5075,1
1474,3672,1
1474,3673,1
1474,5074,1
1474,5075,1
1475,3673,1
1475,3674,1
1475,5073,1
1475,5074,1
1476,3688,1
1476,3689,1
1476,5058,1
1476,5059,1
1477,3687,1
1477,3689,1
1477,5058,1
1477,5060,1
1478,3687,1
1478,3688,1
1478,5059,1
1478,5060,1
1479,3681,1
1479,3682,1
1479,5065,1
1479,5066,1
1480,3682,1
1480,3683,1
1480,5064,1
1480,5065,1
1481,3681,1
1481,3683,1
1481,5064,1
1481,5066,1
1482,3685,1
1482,3686,1
1482,5061,1
1482,5062,1
1483,3684,1
1483,3686,1
1483,5061,1
1483,5063,1
1484,3684,1
1484,3685,1
1484,5062,1
1484,5063,1
1485,3705,1
1485,3707,1
1485,5040,1
1485,5042,1
1486,3705,1
1486,3706,1
1486,5041,1
1486,5042,1
1487,3706,1
1487,3707,1
1487,5040,1
1487,5041,1
1488,3700,1
1488,3701,1
1488,5046,1
1488,5047,1
1489,3699,1
1489,3701,1
1489,5046,1
1489,5048,1
1490,3699,1
1490,3700,1
1490,5047,1
1490,5048,1
1491,3702,1
1491,3704,1
1491,5043,1
1491,5045,1
1492,3702,1
1492,3703,1
1492,5044,1
1492,5045,1
1493,3703,1
1493,3704,1
1493,5043,1
1493,5044,1
1494,3708,1
1494,3710,1
1494,5037,1
1494,5039,1
1495,3708,1
1495,3709,1
1495,5038,1
1495,5039,1
1496,3709,1
1496,3710,1
1496,5037,1
1496,5038,1
1497,3711,1
1497,3712,1
1497,5035,1
1497,5036,1
1498,3712,1
1498,3713,1
1498,5034,1
1498,5035,1
1499,3711,1
1499,3713,1
1499,5034,1
1499,5036,1
1500,3715,1
1500,3716,1
1500,5031,1
1500,5032,1
1501,3714,1
1501,3716,1
1501,5031,1
1501,5033,1
1502,3714,1
1502,3715,1
1502,5032,1
1502,5033,1
1503,3721,1
1503,3722,1
1503,5025,1
1503,5026,1
1504,3720,1
1504,3722,1
1504,5025,1
1504,5027,1
1505,3720,1
1505,3721,1
1505,5026,1
1505,5027,1
1506,3723,1
1506,3725,1
1506,5022,1
1506,5024,1
1507,3723,1
1507,3724,1
1507,5023,1
1507,5024,1
1508,3724,1
1508,3725,1
1508,5022,1
1508,5023,1
1509,3718,1
1509,3719,1
1509,5028,1
1509,5029,1
1510,3717,1
1510,3719,1
1510,5028,1
1510,5030,1
1511,3717,1
1511,3718,1
1511,5029,1
1511,5030,1
1512,3666,1
1512,3667,1
1512,5080,1
1512,5081,1
1513,3667,1
1513,3668,1
1513,5079,1
1513,5080,1
1514,3666,1
1514,3668,1
1514,5079,1
1514,5081,1
1515,3670,1
1515,3671,1
1515,5076,1
1515,5077,1
1516,3669,1
1516,3671,1
1516,5076,1
1516,5078,1
1517,3669,1
1517,3670,1
1517,5077,1
1517,5078,1
1518,3663,1
1518,3664,1
1518,5083,1
1518,5084,1
1519,3664,1
1519,3665,1
1519,5082,1
1519,5083,1
1520,3663,1
1520,3665,1
1520,5082,1
1520,5084,1
1521,3645,1
1521,3646,1
1521,5101,1
1521,5102,1
1522,3646,1
1522,3647,1
1522,5100,1
1522,5101,1
1523,3645,1
1523,3647,1
1523,5100,1
1523,5102,1
1524,3649,1
1524,3650,1
1524,5097,1
1524,5098,1
1525,3648,1
1525,3650,1
1525,5097,1
1525,5099,1
1526,3648,1
1526,3649,1
1526,5098,1
1526,5099,1
1527,3651,1
1527,3653,1
1527,5094,1
1527,5096,1
1528,3651,1
1528,3652,1
1528,5095,1
1528,5096,1
1529,3652,1
1529,3653,1
1529,5094,1
1529,5095,1
1530,3657,1
1530,3659,1
1530,5088,1
1530,5090,1
1531,3657,1
1531,3658,1
1531,5089,1
1531,5090,1
1532,3658,1
1532,3659,1
1532,5088,1
1532,5089,1
1533,3660,1
1533,3661,1
1533,5086,1
1533,5087,1
1534,3661,1
1534,3662,1
1534,5085,1
1534,5086,1
1535,3660,1
1535,3662,1
1535,5085,1
1535,5087,1
1536,3654,1
1536,3656,1
1536,5091,1
1536,5093,1
1537,3654,1
1537,3655,1
1537,5092,1
1537,5093,1
1538,3655,1
1538,3656,1
1538,5091,1
1538,5092,1
1539,3780,1
1539,3781,1
1539,4966,1
1539,4967,1
1540,3781,1
1540,3782,1
1540,4965,1
1540,4966,1
1541,3780,1
1541,3782,1
1541,4965,1
1541,4967,1
1542,3784,1
1542,3785,1
1542,4962,1
1542,4963,1
1543,3783,1
1543,3785,1
1543,4962,1
1543,4964,1
1544,3783,1
1544,3784,1
1544,4963,1
1544,4964,1
1545,3786,1
1545,3788,1
1545,4959,1
1545,4961,1
1546,3786,1
1546,3787,1
1546,4960,1
1546,4961,1
1547,3787,1
1547,3788,1
1547,4959,1
1547,4960,1
1548,3792,1
1548,3793,1
1548,4954,1
1548,4955,1
1549,3793,1
1549,3794,1
1549,4953,1
1549,4954,1
1550,3792,1
1550,3794,1
1550,4953,1
1550,4955,1
1551,3796,1
1551,3797,1
1551,4950,1
1551,4951,1
1552,3795,1
1552,3797,1
1552,4950,1
1552,4952,1
1553,3795,1
1553,3796,1
1553,4951,1
1553,4952,1
1554,3789,1
1554,3790,1
1554,4957,1
1554,4958,1
1555,3790,1
1555,3791,1
1555,4956,1
1555,4957,1
1556,3789,1
1556,3791,1
1556,4956,1
1556,4958,1
1557,3804,1
1557,3805,1
1557,4942,1
1557,4943,1
1558,3805,1
1558,3806,1
1558,4941,1
1558,4942,1
1559,3804,1
1559,3806,1
1559,4941,1
1559,4943,1
1560,3798,1
1560,3800,1
1560,4947,1
1560,4949,1
1561,3798,1
1561,3799,1
1561,4948,1
1561,4949,1
1562,3799,1
1562,3800,1
1562,4947,1
1562,4948,1
1563,3801,1
1563,3802,1
1563,4945,1
1563,4946,1
1564,3802,1
1564,3803,1
1564,4944,1
1564,4945,1
1565,3801,1
1565,3803,1
1565,4944,1
1565,4946,1
1566,3744,1
1566,3745,1
1566,5002,1
1566,5003,1
1567,3745,1
1567,3746,1
1567,5001,1
1567,5002,1
1568,3744,1
1568,3746,1
1568,5001,1
1568,5003,1
1569,3748,1
1569,3749,1
1569,4998,1
1569,4999,1
1570,3747,1
1570,3749,1
1570,4998,1
1570,5000,1
1571,3747,1
1571,3748,1
1571,4999,1
1571,5000,1
1572,3750,1
1572,3752,1
1572,4995,1
1572,4997,1
1573,3750,1
1573,3751,1
1573,4996,1
1573,4997,1
1574,3751,1
1574,3752,1
1574,4995,1
1574,4996,1
1575,3732,1
1575,3733,1
1575,5014,1
1575,5015,1
1576,3733,1
1576,3734,1
1576,5013,1
1576,5014,1
1577,3732,1
1577,3734,1
1577,5013,1
1577,5015,1
1578,3726,1
1578,3728,1
1578,5019,1
1578,5021,1
1579,3726,1
1579,3727,1
1579,5020,1
1579,5021,1
1580,3727,1
1580,3728,1
1580,5019,1
1580,5020,1
1581,3729,1
1581,3730,1
1581,5017,1
1581,5018,1
1582,3730,1
1582,3731,1
1582,5016,1
1582,5017,1
1583,3729,1
1583,3731,1
1583,5016,1
1583,5018,1
1584,3736,1
1584,3737,1
1584,5010,1
1584,5011,1
1585,3735,1
1585,3737,1
1585,5010,1
1585,5012,1
1586,3735,1
1586,3736,1
1586,5011,1
1586,5012,1
1587,3738,1
1587,3740,1
1587,5007,1
1587,5009,1
1588,3738,1
1588,3739,1
1588,5008,1
1588,5009,1
1589,3739,1
1589,3740,1
1589,5007,1
1589,5008,1
1590,3741,1
1590,3742,1
1590,5005,1
1590,5006,1
1591,3742,1
1591,3743,1
1591,5004,1
1591,5005,1
1592,3741,1
1592,3743,1
1592,5004,1
1592,5006,1
1593,3757,1
1593,3758,1
1593,4989,1
1593,4990,1
1594,3756,1
1594,3758,1
1594,4989,1
1594,4991,1
1595,3756,1
1595,3757,1
1595,4990,1
1595,4991,1
1596,3759,1
1596,3761,1
1596,4986,1
1596,4988,1
1597,3759,1
1597,3760,1
1597,4987,1
1597,4988,1
1598,3760,1
1598,3761,1
1598,4986,1
1598,4987,1
1599,3754,1
1599,3755,1
1599,4992,1
1599,4993,1
1600,3753,1
1600,3755,1
1600,4992,1
1600,4994,1
1601,3753,1
1601,3754,1
1601,4993,1
1601,4994,1
1602,3769,1
1602,3770,1
1602,4977,1
1602,4978,1
1603,3768,1
1603,3770,1
1603,4977,1
1603,4979,1
1604,3768,1
1604,3769,1
1604,4978,1
1604,4979,1
1605,3762,1
1605,3763,1
1605,4984,1
1605,4985,1
1606,3763,1
1606,3764,1
1606,4983,1
1606,4984,1
1607,3762,1
1607,3764,1
1607,4983,1
1607,4985,1
1608,3766,1
1608,3767,1
1608,4980,1
1608,4981,1
1609,3765,1
1609,3767,1
1609,4980,1
1609,4982,1
1610,3765,1
1610,3766,1
1610,4981,1
1610,4982,1
1611,3771,1
1611,3773,1
1611,4974,1
1611,4976,1
1612,3771,1
1612,3772,1
1612,4975,1
1612,4976,1
1613,3772,1
1613,3773,1
1613,4974,1
1613,4975,1
1614,3774,1
1614,3775,1
1614,4972,1
1614,4973,1
1615,3775,1
1615,3776,1
1615,4971,1
1615,4972,1
1616,3774,1
1616,3776,1
1616,4971,1
1616,4973,1
1617,3778,1
1617,3779,1
1617,4968,1
1617,4969,1
1618,3777,1
1618,3779,1
1618,4968,1
1618,4970,1
1619,3777,1
1619,3778,1
1619,4969,1
1619,4970,1
1620,3811,1
1620,3812,1
1620,4935,1
1620,4936,1
1621,3810,1
1621,3812,1
1621,4935,1
1621,4937,1
1622,3810,1
1622,3811,1
1622,4936,1
1622,4937,1
1623,3813,1
1623,3815,1
1623,4932,1
1623,4934,1
1624,3813,1
1624,3814,1
1624,4933,1
1624,4934,1
1625,3814,1
1625,3815,1
1625,4932,1
1625,4933,1
1626,3808,1
1626,3809,1
1626,4938,1
1626,4939,1
1627,3807,1
1627,3809,1
1627,4938,1
1627,4940,1
1628,3807,1
1628,3808,1
1628,4939,1
1628,4940,1
1629,3822,1
1629,3824,1
1629,4923,1
1629,4925,1
1630,3822,1
1630,3823,1
1630,4924,1
1630,4925,1
1631,3823,1
1631,3824,1
1631,4923,1
1631,4924,1
1632,3817,1
1632,3818,1
1632,4929,1
1632,4930,1
1633,3816,1
1633,3818,1
1633,4929,1
1633,4931,1
1634,3816,1
1634,3817,1
1634,4930,1
1634,4931,1
1635,3819,1
1635,3821,1
1635,4926,1
1635,4928,1
1636,3819,1
1636,3820,1
1636,4927,1
1636,4928,1
1637,3820,1
1637,3821,1
1637,4926,1
1637,4927,1
1638,3826,1
1638,3827,1
1638,4920,1
1638,4921,1
1639,3825,1
1639,3827,1
1639,4920,1
1639,4922,1
1640,3825,1
1640,3826,1
1640,4921,1
1640,4922,1
1641,3828,1
1641,3830,1
1641,4917,1
1641,4919,1
1642,3828,1
1642,3829,1
1642,4918,1
1642,4919,1
1643,3829,1
1643,3830,1
1643,4917,1
1643,4918,1
1644,3831,1
1644,3832,1
1644,4915,1
1644,4916,1
1645,3832,1
1645,3833,1
1645,4914,1
1645,4915,1
1646,3831,1
1646,3833,1
1646,4914,1
1646,4916,1
1647,3850,1
1647,3851,1
1647,4896,1
1647,4897,1
1648,3849,1
1648,3851,1
1648,4896,1
1648,4898,1
1649,3849,1
1649,3850,1
1649,4897,1
1649,4898,1
1650,3843,1
1650,3844,1
1650,4903,1
1650,4904,1
1651,3844,1
1651,3845,1
1651,4902,1
1651,4903,1
1652,3843,1
1652,3845,1
1652,4902,1
1652,4904,1
1653,3847,1
1653,3848,1
1653,4899,1
1653,4900,1
1654,3846,1
1654,3848,1
1654,4899,1
1654,4901,1
1655,3846,1
1655,3847,1
1655,4900,1
1655,4901,1
1656,3852,1
1656,3853,1
1656,4894,1
1656,4895,1
1657,3853,1
1657,3854,1
1657,4893,1
1657,4894,1
1658,3852,1
1658,3854,1
1658,4893,1
1658,4895,1
1659,3856,1
1659,3857,1
1659,4890,1
1659,4891,1
1660,3855,1
1660,3857,1
1660,4890,1
1660,4892,1
1661,3855,1
1661,3856,1
1661,4891,1
1661,4892,1
1662,3858,1
1662,3860,1
1662,4887,1
1662,4889,1
1663,3858,1
1663,3859,1
1663,4888,1
1663,4889,1
1664,3859,1
1664,3860,1
1664,4887,1
1664,4888,1
1665,3841,1
1665,3842,1
1665,4905,1
1665,4906,1
1666,3840,1
1666,3842,1
1666,4905,1
1666,4907,1
1667,3840,1
1667,3841,1
1667,4906,1
1667,4907,1
1668,3834,1
1668,3835,1
1668,4912,1
1668,4913,1
1669,3835,1
1669,3836,1
1669,4911,1
1669,4912,1
1670,3834,1
1670,3836,1
1670,4911,1
1670,4913,1
1671,3838,1
1671,3839,1
1671,4908,1
1671,4909,1
1672,3837,1
1672,3839,1
1672,4908,1
1672,4910,1
1673,3837,1
1673,3838,1
1673,4909,1
1673,4910,1
1674,3879,1
1674,3880,1
1674,4867,1
1674,4868,1
1675,3880,1
1675,3881,1
1675,4866,1
1675,4867,1
1676,3879,1
1676,3881,1
1676,4866,1
1676,4868,1
1677,3883,1
1677,3884,1
1677,4863,1
1677,4864,1
1678,3882,1
1678,3884,1
1678,4863,1
1678,4865,1
1679,3882,1
1679,3883,1
1679,4864,1
1679,4865,1
1680,3885,1
1680,3887,1
1680,4860,1
1680,4862,1
1681,3885,1
1681,3886,1
1681,4861,1
1681,4862,1
1682,3886,1
1682,3887,1
1682,4860,1
1682,4861,1
1683,3868,1
1683,3869,1
1683,4878,1
1683,4879,1
1684,3867,1
1684,3869,1
1684,4878,1
1684,4880,1
1685,3867,1
1685,3868,1
1685,4879,1
1685,4880,1
1686,3861,1
1686,3862,1
1686,4885,1
1686,4886,1
1687,3862,1
1687,3863,1
1687,4884,1
1687,4885,1
1688,3861,1
1688,3863,1
1688,4884,1
1688,4886,1
1689,3865,1
1689,3866,1
1689,4881,1
1689,4882,1
1690,3864,1
1690,3866,1
1690,4881,1
1690,4883,1
1691,3864,1
1691,3865,1
1691,4882,1
1691,4883,1
1692,3870,1
1692,3871,1
1692,4876,1
1692,4877,1
1693,3871,1
1693,3872,1
1693,4875,1
1693,4876,1
1694,3870,1
1694,3872,1
1694,4875,1
1694,4877,1
1695,3874,1
1695,3875,1
1695,4872,1
1695,4873,1
1696,3873,1
1696,3875,1
1696,4872,1
1696,4874,1
1697,3873,1
1697,3874,1
1697,4873,1
1697,4874,1
1698,3876,1
1698,3878,1
1698,4869,1
1698,4871,1
1699,3876,1
1699,3877,1
1699,4870,1
1699,4871,1
1700,3877,1
1700,3878,1
1700,4869,1
1700,4870,1
1701,4032,1
1701,4033,1
1701,4714,1
1701,4715,1
1702,4033,1
1702,4034,1
1702,4713,1
1702,4714,1
1703,4032,1
1703,4034,1
1703,4713,1
1703,4715,1
1704,4035,1
1704,4037,1
1704,4710,1
1704,4712,1
1705,4035,1
1705,4036,1
1705,4711,1
1705,4712,1
1706,4036,1
1706,4037,1
1706,4710,1
1706,4711,1
1707,4039,1
1707,4040,1
1707,4707,1
1707,4708,1
1708,4038,1
1708,4040,1
1708,4707,1
1708,4709,1
1709,4038,1
1709,4039,1
1709,4708,1
1709,4709,1
1710,4047,1
1710,4048,1
1710,4699,1
1710,4700,1
1711,4048,1
1711,4049,1
1711,4698,1
1711,4699,1
1712,4047,1
1712,4049,1
1712,4698,1
1712,4700,1
1713,4041,1
1713,4042,1
1713,4705,1
1713,4706,1
1714,4042,1
1714,4043,1
1714,4704,1
1714,4705,1
1715,4041,1
1715,4043,1
1715,4704,1
1715,4706,1
1716,4044,1
1716,4046,1
1716,4701,1
1716,4703,1
1717,4044,1
1717,4045,1
1717,4702,1
1717,4703,1
1718,4045,1
1718,4046,1
1718,4701,1
1718,4702,1
1719,4030,1
1719,4031,1
1719,4716,1
1719,4717,1
1720,4029,1
1720,4031,1
1720,4716,1
1720,4718,1
1721,4029,1
1721,4030,1
1721,4717,1
1721,4718,1
1722,4024,1
1722,4025,1
1722,4722,1
1722,4723,1
1723,4023,1
1723,4025,1
1723,4722,1
1723,4724,1
1724,4023,1
1724,4024,1
1724,4723,1
1724,4724,1
1725,4026,1
1725,4027,1
1725,4720,1
1725,4721,1
1726,4027,1
1726,4028,1
1726,4719,1
1726,4720,1
1727,4026,1
1727,4028,1
1727,4719,1
1727,4721,1
1728,3982,1
1728,3983,1
1728,4764,1
1728,4765,1
1729,3981,1
1729,3983,1
1729,4764,1
1729,4766,1
1730,3981,1
1730,3982,1
1730,4765,1
1730,4766,1
1731,3984,1
1731,3985,1
1731,4762,1
1731,4763,1
1732,3985,1
1732,3986,1
1732,4761,1
1732,4762,1
1733,3984,1
1733,3986,1
1733,4761,1
1733,4763,1
1734,3978,1
1734,3979,1
1734,4768,1
1734,4769,1
1735,3979,1
1735,3980,1
1735,4767,1
1735,4768,1
1736,3978,1
1736,3980,1
1736,4767,1
1736,4769,1
1737,3987,1
1737,3989,1
1737,4758,1
1737,4760,1
1738,3987,1
1738,3988,1
1738,4759,1
1738,4760,1
1739,3988,1
1739,3989,1
1739,4758,1
1739,4759,1
1740,3991,1
1740,3992,1
1740,4755,1
1740,4756,1
1741,3990,1
1741,3992,1
1741,4755,1
1741,4757,1
1742,3990,1
1742,3991,1
1742,4756,1
1742,4757,1
1743,3993,1
1743,3994,1
1743,4753,1
1743,4754,1
1744,3994,1
1744,3995,1
1744,4752,1
1744,4753,1
1745,3993,1
1745,3995,1
1745,4752,1
1745,4754,1
1746,3969,1
1746,3970,1
1746,4777,1
1746,4778,1
1747,3970,1
1747,3971,1
1747,4776,1
1747,4777,1
1748,3969,1
1748,3971,1
1748,4776,1
1748,4778,1
1749,3972,1
1749,3974,1
1749,4773,1
1749,4775,1
1750,3972,1
1750,3973,1
1750,4774,1
1750,4775,1
1751,3973,1
1751,3974,1
1751,4773,1
1751,4774,1
1752,3976,1
1752,3977,1
1752,4770,1
1752,4771,1
1753,3975,1
1753,3977,1
1753,4770,1
1753,4772,1
1754,3975,1
1754,3976,1
1754,4771,1
1754,4772,1
1755,4002,1
1755,4003,1
1755,4744,1
1755,4745,1
1756,4003,1
1756,4004,1
1756,4743,1
1756,4744,1
1757,4002,1
1757,4004,1
1757,4743,1
1757,4745,1
1758,3996,1
1758,3997,1
1758,4750,1
1758,4751,1
1759,3997,1
1759,3998,1
1759,4749,1
1759,4750,1
1760,3996,1
1760,3998,1
1760,4749,1
1760,4751,1
1761,3999,1
1761,4001,1
1761,4746,1
1761,4748,1
1762,3999,1
1762,4000,1
1762,4747,1
1762,4748,1
1763,4000,1
1763,4001,1
1763,4746,1
1763,4747,1
1764,4009,1
1764,4010,1
1764,4737,1
1764,4738,1
1765,4008,1
1765,4010,1
1765,4737,1
1765,4739,1
1766,4008,1
1766,4009,1
1766,4738,1
1766,4739,1
1767,4011,1
1767,4012,1
1767,4735,1
1767,4736,1
1768,4012,1
1768,4013,1
1768,4734,1
1768,4735,1
1769,4011,1
1769,4013,1
1769,4734,1
1769,4736,1
1770,4005,1
1770,4006,1
1770,4741,1
1770,4742,1
1771,4006,1
1771,4007,1
1771,4740,1
1771,4741,1
1772,4005,1
1772,4007,1
1772,4740,1
1772,4742,1
1773,4014,1
1773,4016,1
1773,4731,1
1773,4733,1
1774,4014,1
1774,4015,1
1774,4732,1
1774,4733,1
1775,4015,1
1775,4016,1
1775,4731,1
1775,4732,1
1776,4018,1
1776,4019,1
1776,4728,1
1776,4729,1
1777,4017,1
1777,4019,1
1777,4728,1
1777,4730,1
1778,4017,1
1778,4018,1
1778,4729,1
1778,4730,1
1779,4020,1
1779,4021,1
1779,4726,1
1779,4727,1
1780,4021,1
1780,4022,1
1780,4725,1
1780,4726,1
1781,4020,1
1781,4022,1
1781,4725,1
1781,4727,1
1782,4086,1
1782,4088,1
1782,4659,1
1782,4661,1
1783,4086,1
1783,4087,1
1783,4660,1
1783,4661,1
1784,4087,1
1784,4088,1
1784,4659,1
1784,4660,1
1785,4090,1
1785,4091,1
1785,4656,1
1785,4657,1
1786,4089,1
1786,4091,1
1786,4656,1
1786,4658,1
1787,4089,1
1787,4090,1
1787,4657,1
1787,4658,1
1788,4092,1
1788,4093,1
1788,4654,1
1788,4655,1
1789,4093,1
1789,4094,1
1789,4653,1
1789,4654,1
1790,4092,1
1790,4094,1
1790,4653,1
1790,4655,1
1791,4101,1
1791,4102,1
1791,4645,1
1791,4646,1
1792,4102,1
1792,4103,1
1792,4644,1
1792,4645,1
1793,4101,1
1793,4103,1
1793,4644,1
1793,4646,1
1794,4095,1
1794,4096,1
1794,4651,1
1794,4652,1
1795,4096,1
1795,4097,1
1795,4650,1
1795,4651,1
1796,4095,1
1796,4097,1
1796,4650,1
1796,4652,1
1797,4098,1
1797,4100,1
1797,4647,1
1797,4649,1
1798,4098,1
1798,4099,1
1798,4648,1
1798,4649,1
1799,4099,1
1799,4100,1
1799,4647,1
1799,4648,1
1800,4083,1
1800,4085,1
1800,4662,1
1800,4664,1
1801,4083,1
1801,4084,1
1801,4663,1
1801,4664,1
1802,4084,1
1802,4085,1
1802,4662,1
1802,4663,1
1803,4077,1
1803,4079,1
1803,4668,1
1803,4670,1
1804,4077,1
1804,4078,1
1804,4669,1
1804,4670,1
1805,4078,1
1805,4079,1
1805,4668,1
1805,4669,1
1806,4081,1
1806,4082,1
1806,4665,1
1806,4666,1
1807,4080,1
1807,4082,1
1807,4665,1
1807,4667,1
1808,4080,1
1808,4081,1
1808,4666,1
1808,4667,1
1809,4110,1
1809,4112,1
1809,4635,1
1809,4637,1
1810,4110,1
1810,4111,1
1810,4636,1
1810,4637,1
1811,4111,1
1811,4112,1
1811,4635,1
1811,4636,1
1812,4104,1
1812,4106,1
1812,4641,1
1812,4643,1
1813,4104,1
1813,4105,1
1813,4642,1
1813,4643,1
1814,4105,1
1814,4106,1
1814,4641,1
1814,4642,1
1815,4108,1
1815,4109,1
1815,4638,1
1815,4639,1
1816,4107,1
1816,4109,1
1816,4638,1
1816,4640,1
1817,4107,1
1817,4108,1
1817,4639,1
1817,4640,1
1818,4117,1
1818,4118,1
1818,4629,1
1818,4630,1
1819,4116,1
1819,4118,1
1819,4629,1
1819,4631,1
1820,4116,1
1820,4117,1
1820,4630,1
1820,4631,1
1821,4119,1
1821,4120,1
1821,4627,1
1821,4628,1
1822,4120,1
1822,4121,1
1822,4626,1
1822,4627,1
1823,4119,1
1823,4121,1
1823,4626,1
1823,4628,1
1824,4113,1
1824,4114,1
1824,4633,1
1824,4634,1
1825,4114,1
1825,4115,1
1825,4632,1
1825,4633,1
1826,4113,1
1826,4115,1
1826,4632,1
1826,4634,1
1827,4122,1
1827,4123,1
1827,4624,1
1827,4625,1
1828,4123,1
1828,4124,1
1828,4623,1
1828,4624,1
1829,4122,1
1829,4124,1
1829,4623,1
1829,4625,1
1830,4125,1
1830,4127,1
1830,4620,1
1830,4622,1
1831,4125,1
1831,4126,1
1831,4621,1
1831,4622,1
1832,4126,1
1832,4127,1
1832,4620,1
1832,4621,1
1833,4129,1
1833,4130,1
1833,4617,1
1833,4618,1
1834,4128,1
1834,4130,1
1834,4617,1
1834,4619,1
1835,4128,1
1835,4129,1
1835,4618,1
1835,4619,1
1836,4054,1
1836,4055,1
1836,4692,1
1836,4693,1
1837,4053,1
1837,4055,1
1837,4692,1
1837,4694,1
1838,4053,1
1838,4054,1
1838,4693,1
1838,4694,1
1839,4056,1
1839,4057,1
1839,4690,1
1839,4691,1
1840,4057,1
1840,4058,1
1840,4689,1
1840,4690,1
1841,4056,1
1841,4058,1
1841,4689,1
1841,4691,1
1842,4050,1
1842,4051,1
1842,4696,1
1842,4697,1
1843,4051,1
1843,4052,1
1843,4695,1
1843,4696,1
1844,4050,1
1844,4052,1
1844,4695,1
1844,4697,1
1845,4059,1
1845,4060,1
1845,4687,1
1845,4688,1
1846,4060,1
1846,4061,1
1846,4686,1
1846,4687,1
1847,4059,1
1847,4061,1
1847,4686,1
1847,4688,1
1848,4062,1
1848,4064,1
1848,4683,1
1848,4685,1
1849,4062,1
1849,4063,1
1849,4684,1
1849,4685,1
1850,4063,1
1850,4064,1
1850,4683,1
1850,4684,1
1851,4066,1
1851,4067,1
1851,4680,1
1851,4681,1
1852,4065,1
1852,4067,1
1852,4680,1
1852,4682,1
1853,4065,1
1853,4066,1
1853,4681,1
1853,4682,1
1854,4075,1
1854,4076,1
1854,4671,1
1854,4672,1
1855,4074,1
1855,4076,1
1855,4671,1
1855,4673,1
1856,4074,1
1856,4075,1
1856,4672,1
1856,4673,1
1857,4069,1
1857,4070,1
1857,4677,1
1857,4678,1
1858,4068,1
1858,4070,1
1858,4677,1
1858,4679,1
1859,4068,1
1859,4069,1
1859,4678,1
1859,4679,1
1860,4071,1
1860,4072,1
1860,4675,1
1860,4676,1
1861,4072,1
1861,4073,1
1861,4674,1
1861,4675,1
1862,4071,1
1862,4073,1
1862,4674,1
1862,4676,1
1863,3939,1
1863,3941,1
1863,4806,1
1863,4808,1
1864,3939,1
1864,3940,1
1864,4807,1
1864,4808,1
1865,3940,1
1865,3941,1
1865,4806,1
1865,4807,1
1866,3933,1
1866,3935,1
1866,4812,1
1866,4814,1
1867,3933,1
1867,3934,1
1867,4813,1
1867,4814,1
1868,3934,1
1868,3935,1
1868,4812,1
1868,4813,1
1869,3937,1
1869,3938,1
1869,4809,1
1869,4810,1
1870,3936,1
1870,3938,1
1870,4809,1
1870,4811,1
1871,3936,1
1871,3937,1
1871,4810,1
1871,4811,1
1872,3921,1
1872,3923,1
1872,4824,1
1872,4826,1
1873,3921,1
1873,3922,1
1873,4825,1
1873,4826,1
1874,3922,1
1874,3923,1
1874,4824,1
1874,4825,1
1875,3915,1
1875,3917,1
1875,4830,1
1875,4832,1
1876,3915,1
1876,3916,1
1876,4831,1
1876,4832,1
1877,3916,1
1877,3917,1
1877,4830,1
1877,4831,1
1878,3919,1
1878,3920,1
1878,4827,1
1878,4828,1
1879,3918,1
1879,3920,1
1879,4827,1
1879,4829,1
1880,3918,1
1880,3919,1
1880,4828,1
1880,4829,1
1881,3927,1
1881,3929,1
1881,4818,1
1881,4820,1
1882,3927,1
1882,3928,1
1882,4819,1
1882,4820,1
1883,3928,1
1883,3929,1
1883,4818,1
1883,4819,1
1884,3931,1
1884,3932,1
1884,4815,1
1884,4816,1
1885,3930,1
1885,3932,1
1885,4815,1
1885,4817,1
1886,3930,1
1886,3931,1
1886,4816,1
1886,4817,1
1887,3925,1
1887,3926,1
1887,4821,1
1887,4822,1
1888,3924,1
1888,3926,1
1888,4821,1
1888,4823,1
1889,3924,1
1889,3925,1
1889,4822,1
1889,4823,1
1890,3957,1
1890,3959,1
1890,4788,1
1890,4790,1
1891,3957,1
1891,3958,1
1891,4789,1
1891,4790,1
1892,3958,1
1892,3959,1
1892,4788,1
1892,4789,1
1893,3951,1
1893,3953,1
1893,4794,1
1893,4796,1
1894,3951,1
1894,3952,1
1894,4795,1
1894,4796,1
1895,3952,1
1895,3953,1
1895,4794,1
1895,4795,1
1896,3955,1
1896,3956,1
1896,4791,1
1896,4792,1
1897,3954,1
1897,3956,1
1897,4791,1
1897,4793,1
1898,3954,1
1898,3955,1
1898,4792,1
1898,4793,1
1899,3963,1
1899,3965,1
1899,4782,1
1899,4784,1
1900,3963,1
1900,3964,1
1900,4783,1
1900,4784,1
1901,3964,1
1901,3965,1
1901,4782,1
1901,4783,1
1902,3967,1
1902,3968,1
1902,4779,1
1902,4780,1
1903,3966,1
1903,3968,1
1903,4779,1
1903,4781,1
1904,3966,1
1904,3967,1
1904,4780,1
1904,4781,1
1905,3961,1
1905,3962,1
1905,4785,1
1905,4786,1
1906,3960,1
1906,3962,1
1906,4785,1
1906,4787,1
1907,3960,1
1907,3961,1
1907,4786,1
1907,4787,1
1908,3945,1
1908,3947,1
1908,4800,1
1908,4802,1
1909,3945,1
1909,3946,1
1909,4801,1
1909,4802,1
1910,3946,1
1910,3947,1
1910,4800,1
1910,4801,1
1911,3949,1
1911,3950,1
1911,4797,1
1911,4798,1
1912,3948,1
1912,3950,1
1912,4797,1
1912,4799,1
1913,3948,1
1913,3949,1
1913,4798,1
1913,4799,1
1914,3943,1
1914,3944,1
1914,4803,1
1914,4804,1
1915,3942,1
1915,3944,1
1915,4803,1
1915,4805,1
1916,3942,1
1916,3943,1
1916,4804,1
1916,4805,1
1917,3903,1
1917,3904,1
1917,4843,1
1917,4844,1
1918,3904,1
1918,3905,1
1918,4842,1
1918,4843,1
1919,3903,1
1919,3905,1
1919,4842,1
1919,4844,1
1920,3897,1
1920,3898,1
1920,4849,1
1920,4850,1
1921,3898,1
1921,3899,1
1921,4848,1
1921,4849,1
1922,3897,1
1922,3899,1
1922,4848,1
1922,4850,1
1923,3900,1
1923,3902,1
1923,4845,1
1923,4847,1
1924,3900,1
1924,3901,1
1924,4846,1
1924,4847,1
1925,3901,1
1925,3902,1
1925,4845,1
1925,4846,1
1926,3909,1
1926,3910,1
1926,4837,1
1926,4838,1
1927,3910,1
1927,3911,1
1927,4836,1
1927,4837,1
1928,3909,1
1928,3911,1
1928,4836,1
1928,4838,1
1929,3912,1
1929,3914,1
1929,4833,1
1929,4835,1
1930,3912,1
1930,3913,1
1930,4834,1
1930,4835,1
1931,3913,1
1931,3914,1
1931,4833,1
1931,4834,1
1932,3906,1
1932,3908,1
1932,4839,1
1932,4841,1
1933,3906,1
1933,3907,1
1933,4840,1
1933,4841,1
1934,3907,1
1934,3908,1
1934,4839,1
1934,4840,1
1935,3891,1
1935,3892,1
1935,4855,1
1935,4856,1
1936,3892,1
1936,3893,1
1936,4854,1
1936,4855,1
1937,3891,1
1937,3893,1
1937,4854,1
1937,4856,1
1938,3894,1
1938,3896,1
1938,4851,1
1938,4853,1
1939,3894,1
1939,3895,1
1939,4852,1
1939,4853,1
1940,3895,1
1940,3896,1
1940,4851,1
1940,4852,1
1941,3888,1
1941,3890,1
1941,4857,1
1941,4859,1
1942,3888,1
1942,3889,1
1942,4858,1
1942,4859,1
1943,3889,1
1943,3890,1
1943,4857,1
1943,4858,1
1944,4152,1
1944,4153,1
1944,4594,1
1944,4595,1
1945,4153,1
1945,4154,1
1945,4593,1
1945,4594,1
1946,4152,1
1946,4154,1
1946,4593,1
1946,4595,1
1947,4155,1
1947,4156,1
1947,4591,1
1947,4592,1
1948,4156,1
1948,4157,1
1948,4590,1
1948,4591,1
1949,4155,1
1949,4157,1
1949,4590,1
1949,4592,1
1950,4150,1
1950,4151,1
1950,4596,1
1950,4597,1
1951,4149,1
1951,4151,1
1951,4596,1
1951,4598,1
1952,4149,1
1952,4150,1
1952,4597,1
1952,4598,1
1953,4138,1
1953,4139,1
1953,4608,1
1953,4609,1
1954,4137,1
1954,4139,1
1954,4608,1
1954,4610,1
1955,4137,1
1955,4138,1
1955,4609,1
1955,4610,1
1956,4131,1
1956,4133,1
1956,4614,1
1956,4616,1
1957,4131,1
1957,4132,1
1957,4615,1
1957,4616,1
1958,4132,1
1958,4133,1
1958,4614,1
1958,4615,1
1959,4134,1
1959,4136,1
1959,4611,1
1959,4613,1
1960,4134,1
1960,4135,1
1960,4612,1
1960,4613,1
1961,4135,1
1961,4136,1
1961,4611,1
1961,4612,1
1962,4146,1
1962,4148,1
1962,4599,1
1962,4601,1
1963,4146,1
1963,4147,1
1963,4600,1
1963,4601,1
1964,4147,1
1964,4148,1
1964,4599,1
1964,4600,1
1965,4140,1
1965,4141,1
1965,4606,1
1965,4607,1
1966,4141,1
1966,4142,1
1966,4605,1
1966,4606,1
1967,4140,1
1967,4142,1
1967,4605,1
1967,4607,1
1968,4143,1
1968,4144,1
1968,4603,1
1968,4604,1
1969,4144,1
1969,4145,1
1969,4602,1
1969,4603,1
1970,4143,1
1970,4145,1
1970,4602,1
1970,4604,1
1971,4182,1
1971,4183,1
1971,4564,1
1971,4565,1
1972,4183,1
1972,4184,1
1972,4563,1
1972,4564,1
1973,4182,1
1973,4184,1
1973,4563,1
1973,4565,1
1974,4177,1
1974,4178,1
1974,4569,1
1974,4570,1
1975,4176,1
1975,4178,1
1975,4569,1
1975,4571,1
1976,4176,1
1976,4177,1
1976,4570,1
1976,4571,1
1977,4180,1
1977,4181,1
1977,4566,1
1977,4567,1
1978,4179,1
1978,4181,1
1978,4566,1
1978,4568,1
1979,4179,1
1979,4180,1
1979,4567,1
1979,4568,1
1980,4158,1
1980,4160,1
1980,4587,1
1980,4589,1
1981,4158,1
1981,4159,1
1981,4588,1
1981,4589,1
1982,4159,1
1982,4160,1
1982,4587,1
1982,4588,1
1983,4161,1
1983,4163,1
1983,4584,1
1983,4586,1
1984,4161,1
1984,4162,1
1984,4585,1
1984,4586,1
1985,4162,1
1985,4163,1
1985,4584,1
1985,4585,1
1986,4164,1
1986,4166,1
1986,4581,1
1986,4583,1
1987,4164,1
1987,4165,1
1987,4582,1
1987,4583,1
1988,4165,1
1988,4166,1
1988,4581,1
1988,4582,1
1989,4167,1
1989,4168,1
1989,4579,1
1989,4580,1
1990,4168,1
1990,4169,1
1990,4578,1
1990,4579,1
1991,4167,1
1991,4169,1
1991,4578,1
1991,4580,1
1992,4170,1
1992,4171,1
1992,4576,1
1992,4577,1
1993,4171,1
1993,4172,1
1993,4575,1
1993,4576,1
1994,4170,1
1994,4172,1
1994,4575,1
1994,4577,1
1995,4173,1
1995,4174,1
1995,4573,1
1995,4574,1
1996,4174,1
1996,4175,1
1996,4572,1
1996,4573,1
1997,4173,1
1997,4175,1
1997,4572,1
1997,4574,1
1998,4203,1
1998,4205,1
1998,4542,1
1998,4544,1
1999,4203,1
1999,4204,1
1999,4543,1
1999,4544,1
2000,4204,1
2000,4205,1
2000,4542,1
2000,4543,1
2001,4206,1
2001,4208,1
2001,4539,1
2001,4541,1
2002,4206,1
2002,4207,1
2002,4540,1
2002,4541,1
2003,4207,1
2003,4208,1
2003,4539,1
2003,4540,1
2004,4209,1
2004,4211,1
2004,4536,1
2004,4538,1
2005,4209,1
2005,4210,1
2005,4537,1
2005,4538,1
2006,4210,1
2006,4211,1
2006,4536,1
2006,4537,1
2007,4188,1
2007,4189,1
2007,4558,1
2007,4559,1
2008,4189,1
2008,4190,1
2008,4557,1
2008,4558,1
2009,4188,1
2009,4190,1
2009,4557,1
2009,4559,1
2010,4191,1
2010,4192,1
2010,4555,1
2010,4556,1
2011,4192,1
2011,4193,1
2011,4554,1
2011,4555,1
2012,4191,1
2012,4193,1
2012,4554,1
2012,4556,1
2013,4186,1
2013,4187,1
2013,4560,1
2013,4561,1
2014,4185,1
2014,4187,1
2014,4560,1
2014,4562,1
2015,4185,1
2015,4186,1
2015,4561,1
2015,4562,1
2016,4198,1
2016,4199,1
2016,4548,1
2016,4549,1
2017,4197,1
2017,4199,1
2017,4548,1
2017,4550,1
2018,4197,1
2018,4198,1
2018,4549,1
2018,4550,1
2019,4201,1
2019,4202,1
2019,4545,1
2019,4546,1
2020,4200,1
2020,4202,1
2020,4545,1
2020,4547,1
2021,4200,1
2021,4201,1
2021,4546,1
2021,4547,1
2022,4194,1
2022,4196,1
2022,4551,1
2022,4553,1
2023,4194,1
2023,4195,1
2023,4552,1
2023,4553,1
2024,4195,1
2024,4196,1
2024,4551,1
2024,4552,1
2025,4233,1
2025,4234,1
2025,4513,1
2025,4514,1
2026,4234,1
2026,4235,1
2026,4512,1
2026,4513,1
2027,4233,1
2027,4235,1
2027,4512,1
2027,4514,1
2028,4236,1
2028,4237,1
2028,4510,1
2028,4511,1
2029,4237,1
2029,4238,1
2029,4509,1
2029,4510,1
2030,4236,1
2030,4238,1
2030,4509,1
2030,4511,1
2031,4231,1
2031,4232,1
2031,4515,1
2031,4516,1
2032,4230,1
2032,4232,1
2032,4515,1
2032,4517,1
2033,4230,1
2033,4231,1
2033,4516,1
2033,4517,1
2034,4218,1
2034,4220,1
2034,4527,1
2034,4529,1
2035,4218,1
2035,4219,1
2035,4528,1
2035,4529,1
2036,4219,1
2036,4220,1
2036,4527,1
2036,4528,1
2037,4212,1
2037,4213,1
2037,4534,1
2037,4535,1
2038,4213,1
2038,4214,1
2038,4533,1
2038,4534,1
2039,4212,1
2039,4214,1
2039,4533,1
2039,4535,1
2040,4215,1
2040,4216,1
2040,4531,1
2040,4532,1
2041,4216,1
2041,4217,1
2041,4530,1
2041,4531,1
2042,4215,1
2042,4217,1
2042,4530,1
2042,4532,1
2043,4228,1
2043,4229,1
2043,4518,1
2043,4519,1
2044,4227,1
2044,4229,1
2044,4518,1
2044,4520,1
2045,4227,1
2045,4228,1
2045,4519,1
2045,4520,1
2046,4221,1
2046,4223,1
2046,4524,1
2046,4526,1
2047,4221,1
2047,4222,1
2047,4525,1
2047,4526,1
2048,4222,1
2048,4223,1
2048,4524,1
2048,4525,1
2049,4224,1
2049,4226,1
2049,4521,1
2049,4523,1
2050,4224,1
2050,4225,1
2050,4522,1
2050,4523,1
2051,4225,1
2051,4226,1
2051,4521,1
2051,4522,1
2052,4257,1
2052,4259,1
2052,4488,1
2052,4490,1
2053,4257,1
2053,4258,1
2053,4489,1
2053,4490,1
2054,4258,1
2054,4259,1
2054,4488,1
2054,4489,1
2055,4260,1
2055,4262,1
2055,4485,1
2055,4487,1
2056,4260,1
2056,4261,1
2056,4486,1
2056,4487,1
2057,4261,1
2057,4262,1
2057,4485,1
2057,4486,1
2058,4263,1
2058,4265,1
2058,4482,1
2058,4484,1
2059,4263,1
2059,4264,1
2059,4483,1
2059,4484,1
2060,4264,1
2060,4265,1
2060,4482,1
2060,4483,1
2061,4243,1
2061,4244,1
2061,4503,1
2061,4504,1
2062,4242,1
2062,4244,1
2062,4503,1
2062,4505,1
2063,4242,1
2063,4243,1
2063,4504,1
2063,4505,1
2064,4246,1
2064,4247,1
2064,4500,1
2064,4501,1
2065,4245,1
2065,4247,1
2065,4500,1
2065,4502,1
2066,4245,1
2066,4246,1
2066,4501,1
2066,4502,1
2067,4239,1
2067,4241,1
2067,4506,1
2067,4508,1
2068,4239,1
2068,4240,1
2068,4507,1
2068,4508,1
2069,4240,1
2069,4241,1
2069,4506,1
2069,4507,1
2070,4251,1
2070,4252,1
2070,4495,1
2070,4496,1
2071,4252,1
2071,4253,1
2071,4494,1
2071,4495,1
2072,4251,1
2072,4253,1
2072,4494,1
2072,4496,1
2073,4254,1
2073,4255,1
2073,4492,1
2073,4493,1
2074,4255,1
2074,4256,1
2074,4491,1
2074,4492,1
2075,4254,1
2075,4256,1
2075,4491,1
2075,4493,1
2076,4249,1
2076,4250,1
2076,4497,1
2076,4498,1
2077,4248,1
2077,4250,1
2077,4497,1
2077,4499,1
2078,4248,1
2078,4249,1
2078,4498,1
2078,4499,1
2079,4291,1
2079,4292,1
2079,4455,1
2079,4456,1
2080,4290,1
2080,4292,1
2080,4455,1
2080,4457,1
2081,4290,1
2081,4291,1
2081,4456,1
2081,4457,1
2082,4284,1
2082,4286,1
2082,4461,1
2082,4463,1
2083,4284,1
2083,4285,1
2083,4462,1
2083,4463,1
2084,4285,1
2084,4286,1
2084,4461,1
2084,4462,1
2085,4287,1
2085,4289,1
2085,4458,1
2085,4460,1
2086,4287,1
2086,4288,1
2086,4459,1
2086,4460,1
2087,4288,1
2087,4289,1
2087,4458,1
2087,4459,1
2088,4267,1
2088,4268,1
2088,4479,1
2088,4480,1
2089,4266,1
2089,4268,1
2089,4479,1
2089,4481,1
2090,4266,1
2090,4267,1
2090,4480,1
2090,4481,1
2091,4270,1
2091,4271,1
2091,4476,1
2091,4477,1
2092,4269,1
2092,4271,1
2092,4476,1
2092,4478,1
2093,4269,1
2093,4270,1
2093,4477,1
2093,4478,1
2094,4273,1
2094,4274,1
2094,4473,1
2094,4474,1
2095,4272,1
2095,4274,1
2095,4473,1
2095,4475,1
2096,4272,1
2096,4273,1
2096,4474,1
2096,4475,1
2097,4275,1
2097,4276,1
2097,4471,1
2097,4472,1
2098,4276,1
2098,4277,1
2098,4470,1
2098,4471,1
2099,4275,1
2099,4277,1
2099,4470,1
2099,4472,1
2100,4278,1
2100,4279,1
2100,4468,1
2100,4469,1
2101,4279,1
2101,4280,1
2101,4467,1
2101,4468,1
2102,4278,1
2102,4280,1
2102,4467,1
2102,4469,1
2103,4281,1
2103,4282,1
2103,4465,1
2103,4466,1
2104,4282,1
2104,4283,1
2104,4464,1
2104,4465,1
2105,4281,1
2105,4283,1
2105,4464,1
2105,4466,1
2106,4293,1
2106,4294,1
2106,4453,1
2106,4454,1
2107,4294,1
2107,4295,1
2107,4452,1
2107,4453,1
2108,4293,1
2108,4295,1
2108,4452,1
2108,4454,1
2109,4296,1
2109,4297,1
2109,4450,1
2109,4451,1
2110,4297,1
2110,4298,1
2110,4449,1
2110,4450,1
2111,4296,1
2111,4298,1
2111,4449,1
2111,4451,1
2112,4299,1
2112,4300,1
2112,4447,1
2112,4448,1
2113,4300,1
2113,4301,1
2113,4446,1
2113,4447,1
2114,4299,1
2114,4301,1
2114,4446,1
2114,4448,1
2115,4302,1
2115,4303,1
2115,4444,1
2115,4445,1
2116,4303,1
2116,4304,1
2116,4443,1
2116,4444,1
2117,4302,1
2117,4304,1
2117,4443,1
2117,4445,1
2118,4305,1
2118,4306,1
2118,4441,1
2118,4442,1
2119,4306,1
2119,4307,1
2119,4440,1
2119,4441,1
2120,4305,1
2120,4307,1
2120,4440,1
2120,4442,1
2121,4308,1
2121,4309,1
2121,4438,1
2121,4439,1
2122,4309,1
2122,4310,1
2122,4437,1
2122,4438,1
2123,4308,1
2123,4310,1
2123,4437,1
2123,4439,1
2124,4311,1
2124,4312,1
2124,4435,1
2124,4436,1
2125,4312,1
2125,4313,1
2125,4434,1
2125,4435,1
2126,4311,1
2126,4313,1
2126,4434,1
2126,4436,1
2127,4314,1
2127,4315,1
2127,4432,1
2127,4433,1
2128,4315,1
2128,4316,1
2128,4431,1
2128,4432,1
2129,4314,1
2129,4316,1
2129,4431,1
2129,4433,1
2130,4317,1
2130,4318,1
2130,4429,1
2130,4430,1
2131,4318,1
2131,4319,1
2131,4428,1
2131,4429,1
2132,4317,1
2132,4319,1
2132,4428,1
2132,4430,1
2133,4320,1
2133,4321,1
2133,4426,1
2133,4427,1
2134,4321,1
2134,4322,1
2134,4425,1
2134,4426,1
2135,4320,1
2135,4322,1
2135,4425,1
2135,4427,1
2136,4323,1
2136,4324,1
2136,4423,1
2136,4424,1
2137,4324,1
2137,4325,1
2137,4422,1
2137,4423,1
2138,4323,1
2138,4325,1
2138,4422,1
2138,4424,1
2139,4326,1
2139,4327,1
2139,4420,1
2139,4421,1
2140,4327,1
2140,4328,1
2140,4419,1
2140,4420,1
2141,4326,1
2141,4328,1
2141,4419,1
2141,4421,1
2142,4329,1
2142,4330,1
2142,4417,1
2142,4418,1
2143,4330,1
2143,4331,1
2143,4416,1
2143,4417,1
2144,4329,1
2144,4331,1
2144,4416,1
2144,4418,1
2145,4332,1
2145,4333,1
2145,4414,1
2145,4415,1
2146,4333,1
2146,4334,1
2146,4413,1
2146,4414,1
2147,4332,1
2147,4334,1
2147,4413,1
2147,4415,1
2148,4335,1
2148,4336,1
2148,4411,1
2148,4412,1
2149,4336,1
2149,4337,1
2149,4410,1
2149,4411,1
2150,4335,1
2150,4337,1
2150,4410,1
2150,4412,1
2151,4338,1
2151,4339,1
2151,4408,1
2151,4409,1
2152,4339,1
2152,4340,1
2152,4407,1
2152,4408,1
2153,4338,1
2153,4340,1
2153,4407,1
2153,4409,1
2154,4341,1
2154,4342,1
2154,4405,1
2154,4406,1
2155,4342,1
2155,4343,1
2155,4404,1
2155,4405,1
2156,4341,1
2156,4343,1
2156,4404,1
2156,4406,1
2157,4344,1
2157,4345,1
2157,4402,1
2157,4403,1
2158,4345,1
2158,4346,1
2158,4401,1
2158,4402,1
2159,4344,1
2159,4346,1
2159,4401,1
2159,4403,1
2160,4348,1
2160,4349,1
2160,4398,1
2160,4399,1
2161,4347,1
2161,4349,1
2161,4398,1
2161,4400,1
2162,4347,1
2162,4348,1
2162,4399,1
2162,4400,1
2163,4351,1
2163,4352,1
2163,4395,1
2163,4396,1
2164,4350,1
2164,4352,1
2164,4395,1
2164,4397,1
2165,4350,1
2165,4351,1
2165,4396,1
2165,4397,1
2166,4354,1
2166,4355,1
2166,4392,1
2166,4393,1
2167,4353,1
2167,4355,1
2167,4392,1
2167,4394,1
2168,4353,1
2168,4354,1
2168,4393,1
2168,4394,1
2169,4357,1
2169,4358,1
2169,4389,1
2169,4390,1
2170,4356,1
2170,4358,1
2170,4389,1
2170,4391,1
2171,4356,1
2171,4357,1
2171,4390,1
2171,4391,1
2172,4360,1
2172,4361,1
2172,4386,1
2172,4387,1
2173,4359,1
2173,4361,1
2173,4386,1
2173,4388,1
2174,4359,1
2174,4360,1
2174,4387,1
2174,4388,1
2175,4363,1
2175,4364,1
2175,4383,1
2175,4384,1
2176,4362,1
2176,4364,1
2176,4383,1
2176,4385,1
2177,4362,1
2177,4363,1
2177,4384,1
2177,4385,1
2178,4366,1
2178,4367,1
2178,4380,1
2178,4381,1
2179,4365,1
2179,4367,1
2179,4380,1
2179,4382,1
2180,4365,1
2180,4366,1
2180,4381,1
2180,4382,1
2181,4369,1
2181,4370,1
2181,4377,1
2181,4378,1
2182,4368,1
2182,4370,1
2182,4377,1
2182,4379,1
2183,4368,1
2183,4369,1
2183,4378,1
2183,4379,1
2184,4372,1
2184,4373,1
2184,4374,1
2184,4375,1
2185,4371,1
2185,4373,1
2185,4374,1
2185,4376,1
2186,4371,1
2186,4372,1
2186,4375,1
2186,4376,1