640,429,1
641,428,1
642,431,1
643,430,1
644,426,1
645,427,1
646,425,1
647,424,1
648,417,1
649,416,1
650,419,1
651,418,1
652,420,1
653,421,1
654,422,1
655,423,1
656,442,1
657,443,1
658,441,1
659,440,1
660,447,1
661,446,1
662,444,1
663,445,1
664,436,1
665,437,1
666,438,1
667,439,1
668,435,1
669,434,1
670,432,1
671,433,1
672,415,1
673,414,1
674,412,1
675,413,1
676,409,1
677,408,1
678,411,1
679,410,1
680,402,1
681,403,1
682,401,1
683,400,1
684,407,1
685,406,1
686,404,1
687,405,1
688,391,1
689,390,1
690,388,1
691,389,1
692,385,1
693,384,1
694,387,1
695,386,1
696,396,1
697,397,1
698,398,1
699,399,1
700,395,1
701,394,1
702,392,1
703,393,1
704,458,1
705,459,1
706,457,1
707,456,1
708,462,1
709,463,1
710,461,1
711,460,1
712,455,1
713,454,1
714,452,1
715,453,1
716,448,1
717,449,1
718,450,1
719,451,1
720,475,1
721,474,1
722,472,1
723,473,1
724,479,1
725,478,1
726,476,1
727,477,1
728,470,1
729,471,1
730,469,1
731,468,1
732,465,1
733,464,1
734,467,1
735,466,1
736,483,1
737,482,1
738,480,1
739,481,1
740,487,1
741,486,1
742,484,1
743,485,1
744,491,1
745,490,1
746,488,1
747,489,1
748,495,1
749,494,1
750,492,1
751,493,1
752,497,1
753,496,1
754,499,1
755,498,1
756,501,1
757,500,1
758,503,1
759,502,1
760,505,1
761,504,1
762,507,1
763,506,1
764,509,1
765,508,1
766,511,1
767,510,1