0,767,1
1,765,3
1,767,1
2,767,1
3,767,1
4,759,9
4,765,3
4,767,1
5,767,1
6,767,1
7,765,3
7,767,1
8,767,1
9,767,1
10,765,3
10,767,1
11,767,1
12,767,1
13,759,9
13,765,3
13,767,1
14,767,1
15,767,1
16,765,3
16,767,1
17,767,1
18,767,1
19,765,3
19,767,1
20,767,1
21,767,1
22,759,9
22,765,3
22,767,1
23,767,1
24,767,1
25,765,3
25,767,1
26,767,1
27,767,1
28,765,3
28,767,1
29,767,1
30,767,1
31,759,9
31,765,3
31,767,1
32,767,1
33,767,1
34,765,3
34,767,1
35,767,1
36,767,1
37,765,3
37,767,1
38,767,1
39,767,1
40,759,9
40,765,3
40,767,1
41,767,1
42,767,1
43,765,3
43,767,1
44,767,1
45,767,1
46,765,3
46,767,1
47,767,1
48,767,1
49,759,9
49,765,3
49,767,1
50,767,1
51,767,1
52,765,3
52,767,1
53,767,1
54,767,1
55,765,3
55,767,1
56,767,1
57,767,1
58,759,9
58,765,3
58,767,1
59,767,1
60,767,1
61,765,3
61,767,1
62,767,1
63,767,1
64,765,3
64,767,1
65,767,1
66,767,1
67,759,9
67,765,3
67,767,1
68,767,1
69,767,1
70,765,3
70,767,1
71,767,1
72,767,1
73,765,3
73,767,1
74,767,1
75,767,1
76,759,9
76,765,3
76,767,1
77,767,1
78,767,1
79,765,3
79,767,1
80,767,1
81,767,1
82,765,3
82,767,1
83,767,1
84,767,1
85,759,9
85,765,3
85,767,1
86,767,1
87,767,1
88,765,3
88,767,1
89,767,1
90,767,1
91,765,3
91,767,1
92,767,1
93,767,1
94,759,9
94,765,3
94,767,1
95,767,1
96,767,1
97,765,3
97,767,1
98,767,1
99,767,1
100,765,3
100,767,1
101,767,1
102,767,1
103,759,9
103,765,3
103,767,1
104,767,1
105,767,1
106,765,3
106,767,1
107,767,1
108,767,1
109,765,3
109,767,1
110,767,1
111,767,1
112,759,9
112,765,3
112,767,1
113,767,1
114,767,1
115,765,3
115,767,1
116,767,1
117,767,1
118,765,3
118,767,1
119,767,1
120,767,1
121,633,243
121,759,9
121,765,3
121,767,1
122,767,1
123,767,1
124,765,3
124,767,1
125,767,1
126,767,1
127,765,3
127,767,1
128,767,1
129,767,1
130,759,9
130,765,3
130,767,1
131,767,1
132,767,1
133,765,3
133,767,1
134,767,1
135,767,1
136,765,3
136,767,1
137,767,1
138,767,1
139,759,9
139,765,3
139,767,1
140,767,1
141,767,1
142,765,3
142,767,1
143,767,1
144,767,1
145,765,3
145,767,1
146,767,1
147,767,1
148,759,9
148,765,3
148,767,1
149,767,1
150,767,1
151,765,3
151,767,1
152,767,1
153,767,1
154,765,3
154,767,1
155,767,1
156,767,1
157,759,9
157,765,3
157,767,1
158,767,1
159,767,1
160,765,3
160,767,1
161,767,1
162,767,1
163,765,3
163,767,1
164,767,1
165,767,1
166,759,9
166,765,3
166,767,1
167,767,1
168,767,1
169,765,3
169,767,1
170,767,1
171,767,1
172,765,3
172,767,1
173,767,1
174,767,1
175,759,9
175,765,3
175,767,1
176,767,1
177,767,1
178,765,3
178,767,1
179,767,1
180,767,1
181,765,3
181,767,1
182,767,1
183,767,1
184,759,9
184,765,3
184,767,1
185,767,1
186,767,1
187,765,3
187,767,1
188,767,1
189,767,1
190,765,3
190,767,1
191,767,1
192,767,1
193,759,9
193,765,3
193,767,1
194,767,1
195,767,1
196,765,3
196,767,1
197,767,1
198,767,1
199,765,3
199,767,1
200,767,1
201,767,1
202,759,9
202,765,3
202,767,1
203,767,1
204,767,1
205,765,3
205,767,1
206,767,1
207,767,1
208,765,3
208,767,1
209,767,1
210,767,1
211,759,9
211,765,3
211,767,1
212,767,1
213,767,1
214,765,3
214,767,1
215,767,1
216,767,1
217,765,3
217,767,1
218,767,1
219,767,1
220,759,9
220,765,3
220,767,1
221,767,1
222,767,1
223,765,3
223,767,1
224,767,1
225,767,1
226,765,3
226,767,1
227,767,1
228,767,1
229,759,9
229,765,3
229,767,1
230,767,1
231,767,1
232,765,3
232,767,1
233,767,1
234,767,1
235,765,3
235,767,1
236,767,1
237,767,1
238,759,9
238,765,3
238,767,1
239,767,1
240,767,1
241,765,3
241,767,1
242,767,1
243,767,1
244,765,3
244,767,1
245,767,1
246,767,1
247,516,9
247,525,9
247,534,9
247,543,9
247,552,9
247,561,9
247,570,9
247,579,9
247,588,9
247,597,9
247,606,9
247,615,9
247,624,9
247,633,9
247,642,9
247,651,9
247,660,9
247,669,9
247,678,9
247,687,9
247,696,9
247,705,9
247,714,9
247,723,9
247,732,9
247,741,9
247,750,9
247,759,9
247,765,3
247,767,1
248,767,1
249,767,1
250,765,3
250,767,1
251,767,1
252,767,1
253,513,3
253,516,3
253,519,3
253,522,3
253,525,3
253,528,3
253,531,3
253,534,3
253,537,3
253,540,3
253,543,3
253,546,3
253,549,3
253,552,3
253,555,3
253,558,3
253,561,3
253,564,3
253,567,3
253,570,3
253,573,3
253,576,3
253,579,3
253,582,3
253,585,3
253,588,3
253,591,3
253,594,3
253,597,3
253,600,3
253,603,3
253,606,3
253,609,3
253,612,3
253,615,3
253,618,3
253,621,3
253,624,3
253,627,3
253,630,3
253,633,3
253,636,3
253,639,3
253,642,3
253,645,3
253,648,3
253,651,3
253,654,3
253,657,3
253,660,3
253,663,3
253,666,3
253,669,3
253,672,3
253,675,3
253,678,3
253,681,3
253,684,3
253,687,3
253,690,3
253,693,3
253,696,3
253,699,3
253,702,3
253,705,3
253,708,3
253,711,3
253,714,3
253,717,3
253,720,3
253,723,3
253,726,3
253,729,3
253,732,3
253,735,3
253,738,3
253,741,3
253,744,3
253,747,3
253,750,3
253,753,3
253,756,3
253,759,3
253,762,3
253,765,3
253,767,1
254,767,1
255,512,1
255,513,1
255,514,1
255,515,1
255,516,1
255,517,1
255,518,1
255,519,1
255,520,1
255,521,1
255,522,1
255,523,1
255,524,1
255,525,1
255,526,1
255,527,1
255,528,1
255,529,1
255,530,1
255,531,1
255,532,1
255,533,1
255,534,1
255,535,1
255,536,1
255,537,1
255,538,1
255,539,1
255,540,1
255,541,1
255,542,1
255,543,1
255,544,1
255,545,1
255,546,1
255,547,1
255,548,1
255,549,1
255,550,1
255,551,1
255,552,1
255,553,1
255,554,1
255,555,1
255,556,1
255,557,1
255,558,1
255,559,1
255,560,1
255,561,1
255,562,1
255,563,1
255,564,1
255,565,1
255,566,1
255,567,1
255,568,1
255,569,1
255,570,1
255,571,1
255,572,1
255,573,1
255,574,1
255,575,1
255,576,1
255,577,1
255,578,1
255,579,1
255,580,1
255,581,1
255,582,1
255,583,1
255,584,1
255,585,1
255,586,1
255,587,1
255,588,1
255,589,1
255,590,1
255,591,1
255,592,1
255,593,1
255,594,1
255,595,1
255,596,1
255,597,1
255,598,1
255,599,1
255,600,1
255,601,1
255,602,1
255,603,1
255,604,1
255,605,1
255,606,1
255,607,1
255,608,1
255,609,1
255,610,1
255,611,1
255,612,1
255,613,1
255,614,1
255,615,1
255,616,1
255,617,1
255,618,1
255,619,1
255,620,1
255,621,1
255,622,1
255,623,1
255,624,1
255,625,1
255,626,1
255,627,1
255,628,1
255,629,1
255,630,1
255,631,1
255,632,1
255,633,1
255,634,1
255,635,1
255,636,1
255,637,1
255,638,1
255,639,1
255,640,1
255,641,1
255,642,1
255,643,1
255,644,1
255,645,1
255,646,1
255,647,1
255,648,1
255,649,1
255,650,1
255,651,1
255,652,1
255,653,1
255,654,1
255,655,1
255,656,1
255,657,1
255,658,1
255,659,1
255,660,1
255,661,1
255,662,1
255,663,1
255,664,1
255,665,1
255,666,1
255,667,1
255,668,1
255,669,1
255,670,1
255,671,1
255,672,1
255,673,1
255,674,1
255,675,1
255,676,1
255,677,1
255,678,1
255,679,1
255,680,1
255,681,1
255,682,1
255,683,1
255,684,1
255,685,1
255,686,1
255,687,1
255,688,1
255,689,1
255,690,1
255,691,1
255,692,1
255,693,1
255,694,1
255,695,1
255,696,1
255,697,1
255,698,1
255,699,1
255,700,1
255,701,1
255,702,1
255,703,1
255,704,1
255,705,1
255,706,1
255,707,1
255,708,1
255,709,1
255,710,1
255,711,1
255,712,1
255,713,1
255,714,1
255,715,1
255,716,1
255,717,1
255,718,1
255,719,1
255,720,1
255,721,1
255,722,1
255,723,1
255,724,1
255,725,1
255,726,1
255,727,1
255,728,1
255,729,1
255,730,1
255,731,1
255,732,1
255,733,1
255,734,1
255,735,1
255,736,1
255,737,1
255,738,1
255,739,1
255,740,1
255,741,1
255,742,1
255,743,1
255,744,1
255,745,1
255,746,1
255,747,1
255,748,1
255,749,1
255,750,1
255,751,1
255,752,1
255,753,1
255,754,1
255,755,1
255,756,1
255,757,1
255,758,1
255,759,1
255,760,1
255,761,1
255,762,1
255,763,1
255,764,1
255,765,1
255,766,1
255,767,1
768,767,1
769,765,3
769,767,1
770,767,1
771,767,1
772,759,9
772,765,3
772,767,1
773,767,1
774,767,1
775,765,3
775,767,1
776,767,1
777,767,1
778,765,3
778,767,1
779,767,1
780,767,1
781,759,9
781,765,3
781,767,1
782,767,1
783,767,1
784,765,3
784,767,1
785,767,1
786,767,1
787,765,3
787,767,1
788,767,1
789,767,1
790,759,9
790,765,3
790,767,1
791,767,1
792,767,1
793,765,3
793,767,1
794,767,1
795,767,1
796,765,3
796,767,1
797,767,1
798,767,1
799,759,9
799,765,3
799,767,1
800,767,1
801,767,1
802,765,3
802,767,1
803,767,1
804,767,1
805,765,3
805,767,1
806,767,1
807,767,1
808,759,9
808,765,3
808,767,1
809,767,1
810,767,1
811,765,3
811,767,1
812,767,1
813,767,1
814,765,3
814,767,1
815,767,1
816,767,1
817,759,9
817,765,3
817,767,1
818,767,1
819,767,1
820,765,3
820,767,1
821,767,1
822,767,1
823,765,3
823,767,1
824,767,1
825,767,1
826,759,9
826,765,3
826,767,1
827,767,1
828,767,1
829,765,3
829,767,1
830,767,1
831,767,1
832,765,3
832,767,1
833,767,1
834,767,1
835,759,9
835,765,3
835,767,1
836,767,1
837,767,1
838,765,3
838,767,1
839,767,1
840,767,1
841,765,3
841,767,1
842,767,1
843,767,1
844,759,9
844,765,3
844,767,1
845,767,1
846,767,1
847,765,3
847,767,1
848,767,1
849,767,1
850,765,3
850,767,1
851,767,1
852,767,1
853,759,9
853,765,3
853,767,1
854,767,1
855,767,1
856,765,3
856,767,1
857,767,1
858,767,1
859,765,3
859,767,1
860,767,1
861,767,1
862,759,9
862,765,3
862,767,1
863,767,1
864,767,1
865,765,3
865,767,1
866,767,1
867,767,1
868,765,3
868,767,1
869,767,1
870,767,1
871,759,9
871,765,3
871,767,1
872,767,1
873,767,1
874,765,3
874,767,1
875,767,1
876,767,1
877,765,3
877,767,1
878,767,1
879,767,1
880,759,9
880,765,3
880,767,1
881,767,1
882,767,1
883,765,3
883,767,1
884,767,1
885,767,1
886,765,3
886,767,1
887,767,1
888,767,1
889,633,243
889,759,9
889,765,3
889,767,1
890,767,1
891,767,1
892,765,3
892,767,1
893,767,1
894,767,1
895,765,3
895,767,1
896,767,1
897,767,1
898,759,9
898,765,3
898,767,1
899,767,1
900,767,1
901,765,3
901,767,1
902,767,1
903,767,1
904,765,3
904,767,1
905,767,1
906,767,1
907,759,9
907,765,3
907,767,1
908,767,1
909,767,1
910,765,3
910,767,1
911,767,1
912,767,1
913,765,3
913,767,1
914,767,1
915,767,1
916,759,9
916,765,3
916,767,1
917,767,1
918,767,1
919,765,3
919,767,1
920,767,1
921,767,1
922,765,3
922,767,1
923,767,1
924,767,1
925,759,9
925,765,3
925,767,1
926,767,1
927,767,1
928,765,3
928,767,1
929,767,1
930,767,1
931,765,3
931,767,1
932,767,1
933,767,1
934,759,9
934,765,3
934,767,1
935,767,1
936,767,1
937,765,3
937,767,1
938,767,1
939,767,1
940,765,3
940,767,1
941,767,1
942,767,1
943,759,9
943,765,3
943,767,1
944,767,1
945,767,1
946,765,3
946,767,1
947,767,1
948,767,1
949,765,3
949,767,1
950,767,1
951,767,1
952,759,9
952,765,3
952,767,1
953,767,1
954,767,1
955,765,3
955,767,1
956,767,1
957,767,1
958,765,3
958,767,1
959,767,1
960,767,1
961,759,9
961,765,3
961,767,1
962,767,1
963,767,1
964,765,3
964,767,1
965,767,1
966,767,1
967,765,3
967,767,1
968,767,1
969,767,1
970,759,9
970,765,3
970,767,1
971,767,1
972,767,1
973,765,3
973,767,1
974,767,1
975,767,1
976,765,3
976,767,1
977,767,1
978,767,1
979,759,9
979,765,3
979,767,1
980,767,1
981,767,1
982,765,3
982,767,1
983,767,1
984,767,1
985,765,3
985,767,1
986,767,1
987,767,1
988,759,9
988,765,3
988,767,1
989,767,1
990,767,1
991,765,3
991,767,1
992,767,1
993,767,1
994,765,3
994,767,1
995,767,1
996,767,1
997,759,9
997,765,3
997,767,1
998,767,1
999,767,1
1000,765,3
1000,767,1
1001,767,1
1002,767,1
1003,765,3
1003,767,1
1004,767,1
1005,767,1
1006,759,9
1006,765,3
1006,767,1
1007,767,1
1008,767,1
1009,765,3
1009,767,1
1010,767,1
1011,767,1
1012,765,3
1012,767,1
1013,767,1
1014,767,1
1015,516,9
1015,525,9
1015,534,9
1015,543,9
1015,552,9
1015,561,9
1015,570,9
1015,579,9
1015,588,9
1015,597,9
1015,606,9
1015,615,9
1015,624,9
1015,633,9
1015,642,9
1015,651,9
1015,660,9
1015,669,9
1015,678,9
1015,687,9
1015,696,9
1015,705,9
1015,714,9
1015,723,9
1015,732,9
1015,741,9
1015,750,9
1015,759,9
1015,765,3
1015,767,1
1016,767,1
1017,767,1
1018,765,3
1018,767,1
1019,767,1
1020,767,1
1021,513,3
1021,516,3
1021,519,3
1021,522,3
1021,525,3
1021,528,3
1021,531,3
1021,534,3
1021,537,3
1021,540,3
1021,543,3
1021,546,3
1021,549,3
1021,552,3
1021,555,3
1021,558,3
1021,561,3
1021,564,3
1021,567,3
1021,570,3
1021,573,3
1021,576,3
1021,579,3
1021,582,3
1021,585,3
1021,588,3
1021,591,3
1021,594,3
1021,597,3
1021,600,3
1021,603,3
1021,606,3
1021,609,3
1021,612,3
1021,615,3
1021,618,3
1021,621,3
1021,624,3
1021,627,3
1021,630,3
1021,633,3
1021,636,3
1021,639,3
1021,642,3
1021,645,3
1021,648,3
1021,651,3
1021,654,3
1021,657,3
1021,660,3
1021,663,3
1021,666,3
1021,669,3
1021,672,3
1021,675,3
1021,678,3
1021,681,3
1021,684,3
1021,687,3
1021,690,3
1021,693,3
1021,696,3
1021,699,3
1021,702,3
1021,705,3
1021,708,3
1021,711,3
1021,714,3
1021,717,3
1021,720,3
1021,723,3
1021,726,3
1021,729,3
1021,732,3
1021,735,3
1021,738,3
1021,741,3
1021,744,3
1021,747,3
1021,750,3
1021,753,3
1021,756,3
1021,759,3
1021,762,3
1021,765,3
1021,767,1
1022,767,1
1023,512,1
1023,513,1
1023,514,1
1023,515,1
1023,516,1
1023,517,1
1023,518,1
1023,519,1
1023,520,1
1023,521,1
1023,522,1
1023,523,1
1023,524,1
1023,525,1
1023,526,1
1023,527,1
1023,528,1
1023,529,1
1023,530,1
1023,531,1
1023,532,1
1023,533,1
1023,534,1
1023,535,1
1023,536,1
1023,537,1
1023,538,1
1023,539,1
1023,540,1
1023,541,1
1023,542,1
1023,543,1
1023,544,1
1023,545,1
1023,546,1
1023,547,1
1023,548,1
1023,549,1
1023,550,1
1023,551,1
1023,552,1
1023,553,1
1023,554,1
1023,555,1
1023,556,1
1023,557,1
1023,558,1
1023,559,1
1023,560,1
1023,561,1
1023,562,1
1023,563,1
1023,564,1
1023,565,1
1023,566,1
1023,567,1
1023,568,1
1023,569,1
1023,570,1
1023,571,1
1023,572,1
1023,573,1
1023,574,1
1023,575,1
1023,576,1
1023,577,1
1023,578,1
1023,579,1
1023,580,1
1023,581,1
1023,582,1
1023,583,1
1023,584,1
1023,585,1
1023,586,1
1023,587,1
1023,588,1
1023,589,1
1023,590,1
1023,591,1
1023,592,1
1023,593,1
1023,594,1
1023,595,1
1023,596,1
1023,597,1
1023,598,1
1023,599,1
1023,600,1
1023,601,1
1023,602,1
1023,603,1
1023,604,1
1023,605,1
1023,606,1
1023,607,1
1023,608,1
1023,609,1
1023,610,1
1023,611,1
1023,612,1
1023,613,1
1023,614,1
1023,615,1
1023,616,1
1023,617,1
1023,618,1
1023,619,1
1023,620,1
1023,621,1
1023,622,1
1023,623,1
1023,624,1
1023,625,1
1023,626,1
1023,627,1
1023,628,1
1023,629,1
1023,630,1
1023,631,1
1023,632,1
1023,633,1
1023,634,1
1023,635,1
1023,636,1
1023,637,1
1023,638,1
1023,639,1
1023,640,1
1023,641,1
1023,642,1
1023,643,1
1023,644,1
1023,645,1
1023,646,1
1023,647,1
1023,648,1
1023,649,1
1023,650,1
1023,651,1
1023,652,1
1023,653,1
1023,654,1
1023,655,1
1023,656,1
1023,657,1
1023,658,1
1023,659,1
1023,660,1
1023,661,1
1023,662,1
1023,663,1
1023,664,1
1023,665,1
1023,666,1
1023,667,1
1023,668,1
1023,669,1
1023,670,1
1023,671,1
1023,672,1
1023,673,1
1023,674,1
1023,675,1
1023,676,1
1023,677,1
1023,678,1
1023,679,1
1023,680,1
1023,681,1
1023,682,1
1023,683,1
1023,684,1
1023,685,1
1023,686,1
1023,687,1
1023,688,1
1023,689,1
1023,690,1
1023,691,1
1023,692,1
1023,693,1
1023,694,1
1023,695,1
1023,696,1
1023,697,1
1023,698,1
1023,699,1
1023,700,1
1023,701,1
1023,702,1
1023,703,1
1023,704,1
1023,705,1
1023,706,1
1023,707,1
1023,708,1
1023,709,1
1023,710,1
1023,711,1
1023,712,1
1023,713,1
1023,714,1
1023,715,1
1023,716,1
1023,717,1
1023,718,1
1023,719,1
1023,720,1
1023,721,1
1023,722,1
1023,723,1
1023,724,1
1023,725,1
1023,726,1
1023,727,1
1023,728,1
1023,729,1
1023,730,1
1023,731,1
1023,732,1
1023,733,1
1023,734,1
1023,735,1
1023,736,1
1023,737,1
1023,738,1
1023,739,1
1023,740,1
1023,741,1
1023,742,1
1023,743,1
1023,744,1
1023,745,1
1023,746,1
1023,747,1
1023,748,1
1023,749,1
1023,750,1
1023,751,1
1023,752,1
1023,753,1
1023,754,1
1023,755,1
1023,756,1
1023,757,1
1023,758,1
1023,759,1
1023,760,1
1023,761,1
1023,762,1
1023,763,1
1023,764,1
1023,765,1
1023,766,1
1023,767,1