640,427,1
641,425,3
641,427,1
642,427,1
643,424,1
643,425,1
643,426,1
643,427,1
644,431,1
645,429,3
645,431,1
646,431,1
647,428,1
647,429,1
647,430,1
647,431,1
648,423,1
649,421,3
649,423,1
650,423,1
651,420,1
651,421,1
651,422,1
651,423,1
652,419,1
653,417,3
653,419,1
654,419,1
655,416,1
655,417,1
655,418,1
655,419,1
656,447,1
657,445,3
657,447,1
658,447,1
659,444,1
659,445,1
659,446,1
659,447,1
660,443,1
661,441,3
661,443,1
662,443,1
663,440,1
663,441,1
663,442,1
663,443,1
664,435,1
665,433,3
665,435,1
666,435,1
667,432,1
667,433,1
667,434,1
667,435,1
668,439,1
669,437,3
669,439,1
670,439,1
671,436,1
671,437,1
671,438,1
671,439,1
672,411,1
673,409,3
673,411,1
674,411,1
675,408,1
675,409,1
675,410,1
675,411,1
676,415,1
677,413,3
677,415,1
678,415,1
679,412,1
679,413,1
679,414,1
679,415,1
680,407,1
681,405,3
681,407,1
682,407,1
683,404,1
683,405,1
683,406,1
683,407,1
684,403,1
685,401,3
685,403,1
686,403,1
687,400,1
687,401,1
687,402,1
687,403,1
688,387,1
689,385,3
689,387,1
690,387,1
691,384,1
691,385,1
691,386,1
691,387,1
692,391,1
693,389,3
693,391,1
694,391,1
695,388,1
695,389,1
695,390,1
695,391,1
696,395,1
697,393,3
697,395,1
698,395,1
699,392,1
699,393,1
699,394,1
699,395,1
700,399,1
701,397,3
701,399,1
702,399,1
703,396,1
703,397,1
703,398,1
703,399,1
704,463,1
705,461,3
705,463,1
706,463,1
707,460,1
707,461,1
707,462,1
707,463,1
708,459,1
709,457,3
709,459,1
710,459,1
711,456,1
711,457,1
711,458,1
711,459,1
712,451,1
713,449,3
713,451,1
714,451,1
715,448,1
715,449,1
715,450,1
715,451,1
716,455,1
717,453,3
717,455,1
718,455,1
719,452,1
719,453,1
719,454,1
719,455,1
720,479,1
721,477,3
721,479,1
722,479,1
723,476,1
723,477,1
723,478,1
723,479,1
724,475,1
725,473,3
725,475,1
726,475,1
727,472,1
727,473,1
727,474,1
727,475,1
728,467,1
729,465,3
729,467,1
730,467,1
731,464,1
731,465,1
731,466,1
731,467,1
732,471,1
733,469,3
733,471,1
734,471,1
735,468,1
735,469,1
735,470,1
735,471,1
736,487,1
737,485,3
737,487,1
738,487,1
739,484,1
739,485,1
739,486,1
739,487,1
740,483,1
741,481,3
741,483,1
742,483,1
743,480,1
743,481,1
743,482,1
743,483,1
744,495,1
745,493,3
745,495,1
746,495,1
747,492,1
747,493,1
747,494,1
747,495,1
748,491,1
749,489,3
749,491,1
750,491,1
751,488,1
751,489,1
751,490,1
751,491,1
752,503,1
753,501,3
753,503,1
754,503,1
755,500,1
755,501,1
755,502,1
755,503,1
756,499,1
757,497,3
757,499,1
758,499,1
759,496,1
759,497,1
759,498,1
759,499,1
760,511,1
761,509,3
761,511,1
762,511,1
763,508,1
763,509,1
763,510,1
763,511,1
764,507,1
765,505,3
765,507,1
766,507,1
767,504,1
767,505,1
767,506,1
767,507,1