640,339,1
642,337,1
643,336,1
644,340,1
647,342,1
648,351,1
650,349,1
651,348,1
652,346,1
653,347,1
655,345,1
657,325,1
658,327,1
662,322,1
664,330,1
665,331,1
667,329,1
668,333,1
669,332,1
674,354,1
675,355,1
677,358,1
681,365,1
682,367,1
684,361,1
685,360,1
690,378,1
691,379,1
693,382,1
696,370,1
697,371,1
699,369,1
702,374,1
705,309,1
707,310,1
708,304,1
710,307,1
716,318,1
717,319,1
718,316,1
724,289,1
725,288,1
726,290,1
729,297,1
731,298,1
732,303,1
736,285,1
737,284,1
738,286,1
739,287,1
740,281,1
741,280,1
742,282,1
743,283,1
744,277,1
745,276,1
746,278,1
747,279,1
748,273,1
749,272,1
750,274,1
751,275,1
753,270,1
754,269,1
755,268,1
757,266,1
758,265,1
759,264,1
760,263,1
767,256,1