640,335,1
641,330,3
641,333,3
641,335,1
642,335,1
643,335,1
644,324,9
644,330,3
644,333,3
644,335,1
645,335,1
646,335,1
647,330,3
647,333,3
647,335,1
648,335,1
649,335,1
650,321,3
650,324,3
650,327,3
650,330,3
650,333,3
650,335,1
651,335,1
652,335,1
653,321,3
653,324,3
653,327,3
653,330,3
653,333,3
653,335,1
654,335,1
655,320,1
655,321,1
655,322,1
655,323,1
655,324,1
655,325,1
655,326,1
655,327,1
655,328,1
655,329,1
655,330,1
655,331,1
655,332,1
655,333,1
655,334,1
655,335,1
656,351,1
657,346,3
657,349,3
657,351,1
658,351,1
659,351,1
660,340,9
660,346,3
660,349,3
660,351,1
661,351,1
662,351,1
663,346,3
663,349,3
663,351,1
664,351,1
665,351,1
666,337,3
666,340,3
666,343,3
666,346,3
666,349,3
666,351,1
667,351,1
668,351,1
669,337,3
669,340,3
669,343,3
669,346,3
669,349,3
669,351,1
670,351,1
671,336,1
671,337,1
671,338,1
671,339,1
671,340,1
671,341,1
671,342,1
671,343,1
671,344,1
671,345,1
671,346,1
671,347,1
671,348,1
671,349,1
671,350,1
671,351,1
672,383,1
673,378,3
673,381,3
673,383,1
674,383,1
675,383,1
676,372,9
676,378,3
676,381,3
676,383,1
677,383,1
678,383,1
679,378,3
679,381,3
679,383,1
680,383,1
681,383,1
682,369,3
682,372,3
682,375,3
682,378,3
682,381,3
682,383,1
683,383,1
684,383,1
685,369,3
685,372,3
685,375,3
685,378,3
685,381,3
685,383,1
686,383,1
687,368,1
687,369,1
687,370,1
687,371,1
687,372,1
687,373,1
687,374,1
687,375,1
687,376,1
687,377,1
687,378,1
687,379,1
687,380,1
687,381,1
687,382,1
687,383,1
688,367,1
689,362,3
689,365,3
689,367,1
690,367,1
691,367,1
692,356,9
692,362,3
692,365,3
692,367,1
693,367,1
694,367,1
695,362,3
695,365,3
695,367,1
696,367,1
697,367,1
698,353,3
698,356,3
698,359,3
698,362,3
698,365,3
698,367,1
699,367,1
700,367,1
701,353,3
701,356,3
701,359,3
701,362,3
701,365,3
701,367,1
702,367,1
703,352,1
703,353,1
703,354,1
703,355,1
703,356,1
703,357,1
703,358,1
703,359,1
703,360,1
703,361,1
703,362,1
703,363,1
703,364,1
703,365,1
703,366,1
703,367,1
704,303,1
705,298,3
705,301,3
705,303,1
706,303,1
707,303,1
708,292,9
708,298,3
708,301,3
708,303,1
709,303,1
710,303,1
711,298,3
711,301,3
711,303,1
712,303,1
713,303,1
714,289,3
714,292,3
714,295,3
714,298,3
714,301,3
714,303,1
715,303,1
716,303,1
717,289,3
717,292,3
717,295,3
717,298,3
717,301,3
717,303,1
718,303,1
719,288,1
719,289,1
719,290,1
719,291,1
719,292,1
719,293,1
719,294,1
719,295,1
719,296,1
719,297,1
719,298,1
719,299,1
719,300,1
719,301,1
719,302,1
719,303,1
720,319,1
721,314,3
721,317,3
721,319,1
722,319,1
723,319,1
724,308,9
724,314,3
724,317,3
724,319,1
725,319,1
726,319,1
727,314,3
727,317,3
727,319,1
728,319,1
729,319,1
730,305,3
730,308,3
730,311,3
730,314,3
730,317,3
730,319,1
731,319,1
732,319,1
733,305,3
733,308,3
733,311,3
733,314,3
733,317,3
733,319,1
734,319,1
735,304,1
735,305,1
735,306,1
735,307,1
735,308,1
735,309,1
735,310,1
735,311,1
735,312,1
735,313,1
735,314,1
735,315,1
735,316,1
735,317,1
735,318,1
735,319,1
736,271,1
737,266,3
737,269,3
737,271,1
738,271,1
739,271,1
740,260,9
740,266,3
740,269,3
740,271,1
741,271,1
742,271,1
743,266,3
743,269,3
743,271,1
744,271,1
745,271,1
746,257,3
746,260,3
746,263,3
746,266,3
746,269,3
746,271,1
747,271,1
748,271,1
749,257,3
749,260,3
749,263,3
749,266,3
749,269,3
749,271,1
750,271,1
751,256,1
751,257,1
751,258,1
751,259,1
751,260,1
751,261,1
751,262,1
751,263,1
751,264,1
751,265,1
751,266,1
751,267,1
751,268,1
751,269,1
751,270,1
751,271,1
752,287,1
753,282,3
753,285,3
753,287,1
754,287,1
755,287,1
756,276,9
756,282,3
756,285,3
756,287,1
757,287,1
758,287,1
759,282,3
759,285,3
759,287,1
760,287,1
761,287,1
762,273,3
762,276,3
762,279,3
762,282,3
762,285,3
762,287,1
763,287,1
764,287,1
765,273,3
765,276,3
765,279,3
765,282,3
765,285,3
765,287,1
766,287,1
767,272,1
767,273,1
767,274,1
767,275,1
767,276,1
767,277,1
767,278,1
767,279,1
767,280,1
767,281,1
767,282,1
767,283,1
767,284,1
767,285,1
767,286,1
767,287,1