640,430,1
640,431,1
641,430,1
641,431,1
642,428,1
642,429,1
643,428,1
643,429,1
644,424,1
644,425,1
645,424,1
645,425,1
646,426,1
646,427,1
647,426,1
647,427,1
648,418,1
648,419,1
649,418,1
649,419,1
650,416,1
650,417,1
651,416,1
651,417,1
652,422,1
652,423,1
653,422,1
653,423,1
654,420,1
654,421,1
655,420,1
655,421,1
656,440,1
656,441,1
657,440,1
657,441,1
658,442,1
658,443,1
659,442,1
659,443,1
660,444,1
660,445,1
661,444,1
661,445,1
662,446,1
662,447,1
663,446,1
663,447,1
664,438,1
664,439,1
665,438,1
665,439,1
666,436,1
666,437,1
667,436,1
667,437,1
668,432,1
668,433,1
669,432,1
669,433,1
670,434,1
670,435,1
671,434,1
671,435,1
672,412,1
672,413,1
673,412,1
673,413,1
674,414,1
674,415,1
675,414,1
675,415,1
676,410,1
676,411,1
677,410,1
677,411,1
678,408,1
678,409,1
679,408,1
679,409,1
680,400,1
680,401,1
681,400,1
681,401,1
682,402,1
682,403,1
683,402,1
683,403,1
684,404,1
684,405,1
685,404,1
685,405,1
686,406,1
686,407,1
687,406,1
687,407,1
688,388,1
688,389,1
689,388,1
689,389,1
690,390,1
690,391,1
691,390,1
691,391,1
692,386,1
692,387,1
693,386,1
693,387,1
694,384,1
694,385,1
695,384,1
695,385,1
696,398,1
696,399,1
697,398,1
697,399,1
698,396,1
698,397,1
699,396,1
699,397,1
700,392,1
700,393,1
701,392,1
701,393,1
702,394,1
702,395,1
703,394,1
703,395,1
704,456,1
704,457,1
705,456,1
705,457,1
706,458,1
706,459,1
707,458,1
707,459,1
708,460,1
708,461,1
709,460,1
709,461,1
710,462,1
710,463,1
711,462,1
711,463,1
712,452,1
712,453,1
713,452,1
713,453,1
714,454,1
714,455,1
715,454,1
715,455,1
716,450,1
716,451,1
717,450,1
717,451,1
718,448,1
718,449,1
719,448,1
719,449,1
720,472,1
720,473,1
721,472,1
721,473,1
722,474,1
722,475,1
723,474,1
723,475,1
724,476,1
724,477,1
725,476,1
725,477,1
726,478,1
726,479,1
727,478,1
727,479,1
728,468,1
728,469,1
729,468,1
729,469,1
730,470,1
730,471,1
731,470,1
731,471,1
732,466,1
732,467,1
733,466,1
733,467,1
734,464,1
734,465,1
735,464,1
735,465,1
736,480,1
736,481,1
737,480,1
737,481,1
738,482,1
738,483,1
739,482,1
739,483,1
740,484,1
740,485,1
741,484,1
741,485,1
742,486,1
742,487,1
743,486,1
743,487,1
744,488,1
744,489,1
745,488,1
745,489,1
746,490,1
746,491,1
747,490,1
747,491,1
748,492,1
748,493,1
749,492,1
749,493,1
750,494,1
750,495,1
751,494,1
751,495,1
752,498,1
752,499,1
753,498,1
753,499,1
754,496,1
754,497,1
755,496,1
755,497,1
756,502,1
756,503,1
757,502,1
757,503,1
758,500,1
758,501,1
759,500,1
759,501,1
760,506,1
760,507,1
761,506,1
761,507,1
762,504,1
762,505,1
763,504,1
763,505,1
764,510,1
764,511,1
765,510,1
765,511,1
766,508,1
766,509,1
767,508,1
767,509,1