640,350,1
640,351,1
641,345,3
641,348,3
641,350,1
641,351,1
642,350,1
642,351,1
643,350,1
643,351,1
644,345,3
644,348,3
644,350,1
644,351,1
645,350,1
645,351,1
646,344,1
646,345,1
646,346,1
646,347,1
646,348,1
646,349,1
646,350,1
646,351,1
647,344,1
647,345,1
647,346,1
647,347,1
647,348,1
647,349,1
647,350,1
647,351,1
648,342,1
648,343,1
649,337,3
649,340,3
649,342,1
649,343,1
650,342,1
650,343,1
651,342,1
651,343,1
652,337,3
652,340,3
652,342,1
652,343,1
653,342,1
653,343,1
654,336,1
654,337,1
654,338,1
654,339,1
654,340,1
654,341,1
654,342,1
654,343,1
655,336,1
655,337,1
655,338,1
655,339,1
655,340,1
655,341,1
655,342,1
655,343,1
656,334,1
656,335,1
657,329,3
657,332,3
657,334,1
657,335,1
658,334,1
658,335,1
659,334,1
659,335,1
660,329,3
660,332,3
660,334,1
660,335,1
661,334,1
661,335,1
662,328,1
662,329,1
662,330,1
662,331,1
662,332,1
662,333,1
662,334,1
662,335,1
663,328,1
663,329,1
663,330,1
663,331,1
663,332,1
663,333,1
663,334,1
663,335,1
664,326,1
664,327,1
665,321,3
665,324,3
665,326,1
665,327,1
666,326,1
666,327,1
667,326,1
667,327,1
668,321,3
668,324,3
668,326,1
668,327,1
669,326,1
669,327,1
670,320,1
670,321,1
670,322,1
670,323,1
670,324,1
670,325,1
670,326,1
670,327,1
671,320,1
671,321,1
671,322,1
671,323,1
671,324,1
671,325,1
671,326,1
671,327,1
672,366,1
672,367,1
673,361,3
673,364,3
673,366,1
673,367,1
674,366,1
674,367,1
675,366,1
675,367,1
676,361,3
676,364,3
676,366,1
676,367,1
677,366,1
677,367,1
678,360,1
678,361,1
678,362,1
678,363,1
678,364,1
678,365,1
678,366,1
678,367,1
679,360,1
679,361,1
679,362,1
679,363,1
679,364,1
679,365,1
679,366,1
679,367,1
680,358,1
680,359,1
681,353,3
681,356,3
681,358,1
681,359,1
682,358,1
682,359,1
683,358,1
683,359,1
684,353,3
684,356,3
684,358,1
684,359,1
685,358,1
685,359,1
686,352,1
686,353,1
686,354,1
686,355,1
686,356,1
686,357,1
686,358,1
686,359,1
687,352,1
687,353,1
687,354,1
687,355,1
687,356,1
687,357,1
687,358,1
687,359,1
688,374,1
688,375,1
689,369,3
689,372,3
689,374,1
689,375,1
690,374,1
690,375,1
691,374,1
691,375,1
692,369,3
692,372,3
692,374,1
692,375,1
693,374,1
693,375,1
694,368,1
694,369,1
694,370,1
694,371,1
694,372,1
694,373,1
694,374,1
694,375,1
695,368,1
695,369,1
695,370,1
695,371,1
695,372,1
695,373,1
695,374,1
695,375,1
696,382,1
696,383,1
697,377,3
697,380,3
697,382,1
697,383,1
698,382,1
698,383,1
699,382,1
699,383,1
700,377,3
700,380,3
700,382,1
700,383,1
701,382,1
701,383,1
702,376,1
702,377,1
702,378,1
702,379,1
702,380,1
702,381,1
702,382,1
702,383,1
703,376,1
703,377,1
703,378,1
703,379,1
703,380,1
703,381,1
703,382,1
703,383,1
704,318,1
704,319,1
705,313,3
705,316,3
705,318,1
705,319,1
706,318,1
706,319,1
707,318,1
707,319,1
708,313,3
708,316,3
708,318,1
708,319,1
709,318,1
709,319,1
710,312,1
710,313,1
710,314,1
710,315,1
710,316,1
710,317,1
710,318,1
710,319,1
711,312,1
711,313,1
711,314,1
711,315,1
711,316,1
711,317,1
711,318,1
711,319,1
712,310,1
712,311,1
713,305,3
713,308,3
713,310,1
713,311,1
714,310,1
714,311,1
715,310,1
715,311,1
716,305,3
716,308,3
716,310,1
716,311,1
717,310,1
717,311,1
718,304,1
718,305,1
718,306,1
718,307,1
718,308,1
718,309,1
718,310,1
718,311,1
719,304,1
719,305,1
719,306,1
719,307,1
719,308,1
719,309,1
719,310,1
719,311,1
720,302,1
720,303,1
721,297,3
721,300,3
721,302,1
721,303,1
722,302,1
722,303,1
723,302,1
723,303,1
724,297,3
724,300,3
724,302,1
724,303,1
725,302,1
725,303,1
726,296,1
726,297,1
726,298,1
726,299,1
726,300,1
726,301,1
726,302,1
726,303,1
727,296,1
727,297,1
727,298,1
727,299,1
727,300,1
727,301,1
727,302,1
727,303,1
728,294,1
728,295,1
729,289,3
729,292,3
729,294,1
729,295,1
730,294,1
730,295,1
731,294,1
731,295,1
732,289,3
732,292,3
732,294,1
732,295,1
733,294,1
733,295,1
734,288,1
734,289,1
734,290,1
734,291,1
734,292,1
734,293,1
734,294,1
734,295,1
735,288,1
735,289,1
735,290,1
735,291,1
735,292,1
735,293,1
735,294,1
735,295,1
736,278,1
736,279,1
737,273,3
737,276,3
737,278,1
737,279,1
738,278,1
738,279,1
739,278,1
739,279,1
740,273,3
740,276,3
740,278,1
740,279,1
741,278,1
741,279,1
742,272,1
742,273,1
742,274,1
742,275,1
742,276,1
742,277,1
742,278,1
742,279,1
743,272,1
743,273,1
743,274,1
743,275,1
743,276,1
743,277,1
743,278,1
743,279,1
744,286,1
744,287,1
745,281,3
745,284,3
745,286,1
745,287,1
746,286,1
746,287,1
747,286,1
747,287,1
748,281,3
748,284,3
748,286,1
748,287,1
749,286,1
749,287,1
750,280,1
750,281,1
750,282,1
750,283,1
750,284,1
750,285,1
750,286,1
750,287,1
751,280,1
751,281,1
751,282,1
751,283,1
751,284,1
751,285,1
751,286,1
751,287,1
752,262,1
752,263,1
753,257,3
753,260,3
753,262,1
753,263,1
754,262,1
754,263,1
755,262,1
755,263,1
756,257,3
756,260,3
756,262,1
756,263,1
757,262,1
757,263,1
758,256,1
758,257,1
758,258,1
758,259,1
758,260,1
758,261,1
758,262,1
758,263,1
759,256,1
759,257,1
759,258,1
759,259,1
759,260,1
759,261,1
759,262,1
759,263,1
760,270,1
760,271,1
761,265,3
761,268,3
761,270,1
761,271,1
762,270,1
762,271,1
763,270,1
763,271,1
764,265,3
764,268,3
764,270,1
764,271,1
765,270,1
765,271,1
766,264,1
766,265,1
766,266,1
766,267,1
766,268,1
766,269,1
766,270,1
766,271,1
767,264,1
767,265,1
767,266,1
767,267,1
767,268,1
767,269,1
767,270,1
767,271,1