64,15,1
65,10,3
65,13,3
65,15,1
66,15,1
67,15,1
68,4,9
68,10,3
68,13,3
68,15,1
69,15,1
70,15,1
71,10,3
71,13,3
71,15,1
72,15,1
73,15,1
74,10,3
74,13,3
74,15,1
75,15,1
76,15,1
77,4,9
77,10,3
77,13,3
77,15,1
78,15,1
79,15,1
80,10,3
80,13,3
80,15,1
81,15,1
82,15,1
83,10,3
83,13,3
83,15,1
84,15,1
85,15,1
86,4,9
86,10,3
86,13,3
86,15,1
87,15,1
88,15,1
89,10,3
89,13,3
89,15,1
90,15,1
91,15,1
92,10,3
92,13,3
92,15,1
93,15,1
94,15,1
95,4,9
95,10,3
95,13,3
95,15,1
96,15,1
97,15,1
98,10,3
98,13,3
98,15,1
99,15,1
100,15,1
101,10,3
101,13,3
101,15,1
102,15,1
103,15,1
104,4,9
104,10,3
104,13,3
104,15,1
105,15,1
106,15,1
107,10,3
107,13,3
107,15,1
108,15,1
109,15,1
110,10,3
110,13,3
110,15,1
111,15,1
112,15,1
113,4,9
113,10,3
113,13,3
113,15,1
114,15,1
115,15,1
116,10,3
116,13,3
116,15,1
117,15,1
118,15,1
119,10,3
119,13,3
119,15,1
120,15,1
121,15,1
122,4,9
122,10,3
122,13,3
122,15,1
123,15,1
124,15,1
125,10,3
125,13,3
125,15,1
126,15,1
127,0,1
127,1,1
127,2,1
127,3,1
127,4,1
127,5,1
127,6,1
127,7,1
127,8,1
127,9,1
127,10,1
127,11,1
127,12,1
127,13,1
127,14,1
127,15,1