0,191,1
1,191,1
2,191,1
3,191,1
4,186,9
4,191,1
5,191,1
6,191,1
7,191,1
8,191,1
9,191,1
10,191,1
11,191,1
12,191,1
13,141,27
13,168,27
13,186,9
13,191,1
14,191,1
15,191,1
16,191,1
17,191,1
18,191,1
19,191,1
20,191,1
21,191,1
22,186,9
22,191,1
23,191,1
24,191,1
25,191,1
26,191,1
27,191,1
28,191,1
29,191,1
30,191,1
31,186,9
31,191,1
32,191,1
33,191,1
34,191,1
35,191,1
36,191,1
37,191,1
38,191,1
39,191,1
40,141,27
40,168,27
40,186,9
40,191,1
41,191,1
42,191,1
43,191,1
44,191,1
45,191,1
46,191,1
47,191,1
48,191,1
49,186,9
49,191,1
50,191,1
51,191,1
52,191,1
53,191,1
54,191,1
55,191,1
56,191,1
57,191,1
58,186,9
58,191,1
59,191,1
60,191,1
61,191,1
62,191,1
63,191,1
64,191,1
65,191,1
66,191,1
67,141,27
67,168,27
67,186,9
67,191,1
68,191,1
69,191,1
70,191,1
71,191,1
72,191,1
73,191,1
74,191,1
75,191,1
76,186,9
76,191,1
77,191,1
78,191,1
79,191,1
80,191,1
81,191,1
82,191,1
83,191,1
84,191,1
85,186,9
85,191,1
86,191,1
87,191,1
88,191,1
89,191,1
90,191,1
91,191,1
92,191,1
93,191,1
94,141,27
94,168,27
94,186,9
94,191,1
95,191,1
96,191,1
97,191,1
98,191,1
99,191,1
100,191,1
101,191,1
102,191,1
103,186,9
103,191,1
104,191,1
105,191,1
106,191,1
107,191,1
108,191,1
109,191,1
110,191,1
111,191,1
112,132,9
112,141,9
112,150,9
112,159,9
112,168,9
112,177,9
112,186,9
112,191,1
113,191,1
114,191,1
115,191,1
116,191,1
117,191,1
118,191,1
119,191,1
120,191,1
121,132,9
121,141,9
121,150,9
121,159,9
121,168,9
121,177,9
121,186,9
121,191,1
122,191,1
123,191,1
124,191,1
125,191,1
126,128,1
126,129,1
126,130,1
126,131,1
126,132,1
126,133,1
126,134,1
126,135,1
126,136,1
126,137,1
126,138,1
126,139,1
126,140,1
126,141,1
126,142,1
126,143,1
126,144,1
126,145,1
126,146,1
126,147,1
126,148,1
126,149,1
126,150,1
126,151,1
126,152,1
126,153,1
126,154,1
126,155,1
126,156,1
126,157,1
126,158,1
126,159,1
126,160,1
126,161,1
126,162,1
126,163,1
126,164,1
126,165,1
126,166,1
126,167,1
126,168,1
126,169,1
126,170,1
126,171,1
126,172,1
126,173,1
126,174,1
126,175,1
126,176,1
126,177,1
126,178,1
126,179,1
126,180,1
126,181,1
126,182,1
126,183,1
126,184,1
126,185,1
126,186,1
126,187,1
126,188,1
126,189,1
126,190,1
126,191,1
127,128,1
127,129,1
127,130,1
127,131,1
127,132,1
127,133,1
127,134,1
127,135,1
127,136,1
127,137,1
127,138,1
127,139,1
127,140,1
127,141,1
127,142,1
127,143,1
127,144,1
127,145,1
127,146,1
127,147,1
127,148,1
127,149,1
127,150,1
127,151,1
127,152,1
127,153,1
127,154,1
127,155,1
127,156,1
127,157,1
127,158,1
127,159,1
127,160,1
127,161,1
127,162,1
127,163,1
127,164,1
127,165,1
127,166,1
127,167,1
127,168,1
127,169,1
127,170,1
127,171,1
127,172,1
127,173,1
127,174,1
127,175,1
127,176,1
127,177,1
127,178,1
127,179,1
127,180,1
127,181,1
127,182,1
127,183,1
127,184,1
127,185,1
127,186,1
127,187,1
127,188,1
127,189,1
127,190,1
127,191,1
512,447,1
513,447,1
514,447,1
515,447,1
516,442,9
516,447,1
517,447,1
518,447,1
519,447,1
520,447,1
521,447,1
522,447,1
523,447,1
524,447,1
525,397,27
525,424,27
525,442,9
525,447,1
526,447,1
527,447,1
528,447,1
529,447,1
530,447,1
531,447,1
532,447,1
533,447,1
534,442,9
534,447,1
535,447,1
536,447,1
537,447,1
538,447,1
539,447,1
540,447,1
541,447,1
542,447,1
543,442,9
543,447,1
544,447,1
545,447,1
546,447,1
547,447,1
548,447,1
549,447,1
550,447,1
551,447,1
552,397,27
552,424,27
552,442,9
552,447,1
553,447,1
554,447,1
555,447,1
556,447,1
557,447,1
558,447,1
559,447,1
560,447,1
561,442,9
561,447,1
562,447,1
563,447,1
564,447,1
565,447,1
566,447,1
567,447,1
568,447,1
569,447,1
570,388,9
570,397,9
570,406,9
570,415,9
570,424,9
570,433,9
570,442,9
570,447,1
571,447,1
572,447,1
573,447,1
574,447,1
575,384,1
575,385,1
575,386,1
575,387,1
575,388,1
575,389,1
575,390,1
575,391,1
575,392,1
575,393,1
575,394,1
575,395,1
575,396,1
575,397,1
575,398,1
575,399,1
575,400,1
575,401,1
575,402,1
575,403,1
575,404,1
575,405,1
575,406,1
575,407,1
575,408,1
575,409,1
575,410,1
575,411,1
575,412,1
575,413,1
575,414,1
575,415,1
575,416,1
575,417,1
575,418,1
575,419,1
575,420,1
575,421,1
575,422,1
575,423,1
575,424,1
575,425,1
575,426,1
575,427,1
575,428,1
575,429,1
575,430,1
575,431,1
575,432,1
575,433,1
575,434,1
575,435,1
575,436,1
575,437,1
575,438,1
575,439,1
575,440,1
575,441,1
575,442,1
575,443,1
575,444,1
575,445,1
575,446,1
575,447,1
576,511,1
577,511,1
578,511,1
579,511,1
580,506,9
580,511,1
581,511,1
582,511,1
583,511,1
584,511,1
585,511,1
586,511,1
587,511,1
588,511,1
589,461,27
589,488,27
589,506,9
589,511,1
590,511,1
591,511,1
592,511,1
593,511,1
594,511,1
595,511,1
596,511,1
597,511,1
598,506,9
598,511,1
599,511,1
600,511,1
601,511,1
602,511,1
603,511,1
604,511,1
605,511,1
606,511,1
607,506,9
607,511,1
608,511,1
609,511,1
610,511,1
611,511,1
612,511,1
613,511,1
614,511,1
615,511,1
616,461,27
616,488,27
616,506,9
616,511,1
617,511,1
618,511,1
619,511,1
620,511,1
621,511,1
622,511,1
623,511,1
624,511,1
625,506,9
625,511,1
626,511,1
627,511,1
628,511,1
629,511,1
630,511,1
631,511,1
632,511,1
633,511,1
634,452,9
634,461,9
634,470,9
634,479,9
634,488,9
634,497,9
634,506,9
634,511,1
635,511,1
636,511,1
637,511,1
638,511,1
639,448,1
639,449,1
639,450,1
639,451,1
639,452,1
639,453,1
639,454,1
639,455,1
639,456,1
639,457,1
639,458,1
639,459,1
639,460,1
639,461,1
639,462,1
639,463,1
639,464,1
639,465,1
639,466,1
639,467,1
639,468,1
639,469,1
639,470,1
639,471,1
639,472,1
639,473,1
639,474,1
639,475,1
639,476,1
639,477,1
639,478,1
639,479,1
639,480,1
639,481,1
639,482,1
639,483,1
639,484,1
639,485,1
639,486,1
639,487,1
639,488,1
639,489,1
639,490,1
639,491,1
639,492,1
639,493,1
639,494,1
639,495,1
639,496,1
639,497,1
639,498,1
639,499,1
639,500,1
639,501,1
639,502,1
639,503,1
639,504,1
639,505,1
639,506,1
639,507,1
639,508,1
639,509,1
639,510,1
639,511,1