640,319,1
640,511,1
641,319,1
641,511,1
642,319,1
642,511,1
643,319,1
643,511,1
644,314,9
644,319,1
644,506,9
644,511,1
645,319,1
645,511,1
646,319,1
646,511,1
647,319,1
647,511,1
648,319,1
648,511,1
649,319,1
649,511,1
650,319,1
650,511,1
651,319,1
651,511,1
652,319,1
652,511,1
653,269,27
653,296,27
653,314,9
653,319,1
653,461,27
653,488,27
653,506,9
653,511,1
654,319,1
654,511,1
655,319,1
655,511,1
656,319,1
656,511,1
657,319,1
657,511,1
658,319,1
658,511,1
659,319,1
659,511,1
660,319,1
660,511,1
661,319,1
661,511,1
662,314,9
662,319,1
662,506,9
662,511,1
663,319,1
663,511,1
664,319,1
664,511,1
665,319,1
665,511,1
666,319,1
666,511,1
667,319,1
667,511,1
668,319,1
668,511,1
669,319,1
669,511,1
670,319,1
670,511,1
671,314,9
671,319,1
671,506,9
671,511,1
672,319,1
672,511,1
673,319,1
673,511,1
674,319,1
674,511,1
675,319,1
675,511,1
676,319,1
676,511,1
677,319,1
677,511,1
678,319,1
678,511,1
679,319,1
679,511,1
680,269,27
680,296,27
680,314,9
680,319,1
680,461,27
680,488,27
680,506,9
680,511,1
681,319,1
681,511,1
682,319,1
682,511,1
683,319,1
683,511,1
684,319,1
684,511,1
685,319,1
685,511,1
686,319,1
686,511,1
687,319,1
687,511,1
688,319,1
688,511,1
689,314,9
689,319,1
689,506,9
689,511,1
690,319,1
690,511,1
691,319,1
691,511,1
692,319,1
692,511,1
693,319,1
693,511,1
694,319,1
694,511,1
695,319,1
695,511,1
696,319,1
696,511,1
697,319,1
697,511,1
698,260,9
698,269,9
698,278,9
698,287,9
698,296,9
698,305,9
698,314,9
698,319,1
698,452,9
698,461,9
698,470,9
698,479,9
698,488,9
698,497,9
698,506,9
698,511,1
699,319,1
699,511,1
700,319,1
700,511,1
701,319,1
701,511,1
702,319,1
702,511,1
703,256,1
703,257,1
703,258,1
703,259,1
703,260,1
703,261,1
703,262,1
703,263,1
703,264,1
703,265,1
703,266,1
703,267,1
703,268,1
703,269,1
703,270,1
703,271,1
703,272,1
703,273,1
703,274,1
703,275,1
703,276,1
703,277,1
703,278,1
703,279,1
703,280,1
703,281,1
703,282,1
703,283,1
703,284,1
703,285,1
703,286,1
703,287,1
703,288,1
703,289,1
703,290,1
703,291,1
703,292,1
703,293,1
703,294,1
703,295,1
703,296,1
703,297,1
703,298,1
703,299,1
703,300,1
703,301,1
703,302,1
703,303,1
703,304,1
703,305,1
703,306,1
703,307,1
703,308,1
703,309,1
703,310,1
703,311,1
703,312,1
703,313,1
703,314,1
703,315,1
703,316,1
703,317,1
703,318,1
703,319,1
703,448,1
703,449,1
703,450,1
703,451,1
703,452,1
703,453,1
703,454,1
703,455,1
703,456,1
703,457,1
703,458,1
703,459,1
703,460,1
703,461,1
703,462,1
703,463,1
703,464,1
703,465,1
703,466,1
703,467,1
703,468,1
703,469,1
703,470,1
703,471,1
703,472,1
703,473,1
703,474,1
703,475,1
703,476,1
703,477,1
703,478,1
703,479,1
703,480,1
703,481,1
703,482,1
703,483,1
703,484,1
703,485,1
703,486,1
703,487,1
703,488,1
703,489,1
703,490,1
703,491,1
703,492,1
703,493,1
703,494,1
703,495,1
703,496,1
703,497,1
703,498,1
703,499,1
703,500,1
703,501,1
703,502,1
703,503,1
703,504,1
703,505,1
703,506,1
703,507,1
703,508,1
703,509,1
703,510,1
703,511,1
704,446,1
704,447,1
705,446,1
705,447,1
706,446,1
706,447,1
707,446,1
707,447,1
708,432,9
708,441,9
708,446,1
708,447,1
709,446,1
709,447,1
710,446,1
710,447,1
711,446,1
711,447,1
712,446,1
712,447,1
713,446,1
713,447,1
714,446,1
714,447,1
715,446,1
715,447,1
716,446,1
716,447,1
717,333,27
717,360,27
717,387,27
717,414,27
717,432,9
717,441,9
717,446,1
717,447,1
718,446,1
718,447,1
719,446,1
719,447,1
720,446,1
720,447,1
721,446,1
721,447,1
722,446,1
722,447,1
723,446,1
723,447,1
724,446,1
724,447,1
725,446,1
725,447,1
726,432,9
726,441,9
726,446,1
726,447,1
727,446,1
727,447,1
728,446,1
728,447,1
729,446,1
729,447,1
730,446,1
730,447,1
731,446,1
731,447,1
732,446,1
732,447,1
733,446,1
733,447,1
734,446,1
734,447,1
735,432,9
735,441,9
735,446,1
735,447,1
736,446,1
736,447,1
737,446,1
737,447,1
738,446,1
738,447,1
739,446,1
739,447,1
740,446,1
740,447,1
741,446,1
741,447,1
742,446,1
742,447,1
743,446,1
743,447,1
744,333,27
744,360,27
744,387,27
744,414,27
744,432,9
744,441,9
744,446,1
744,447,1
745,446,1
745,447,1
746,446,1
746,447,1
747,446,1
747,447,1
748,446,1
748,447,1
749,446,1
749,447,1
750,446,1
750,447,1
751,446,1
751,447,1
752,446,1
752,447,1
753,432,9
753,441,9
753,446,1
753,447,1
754,446,1
754,447,1
755,446,1
755,447,1
756,446,1
756,447,1
757,446,1
757,447,1
758,446,1
758,447,1
759,446,1
759,447,1
760,446,1
760,447,1
761,446,1
761,447,1
762,324,9
762,333,9
762,342,9
762,351,9
762,360,9
762,369,9
762,378,9
762,387,9
762,396,9
762,405,9
762,414,9
762,423,9
762,432,9
762,441,9
762,446,1
762,447,1
763,446,1
763,447,1
764,446,1
764,447,1
765,446,1
765,447,1
766,446,1
766,447,1
767,320,1
767,321,1
767,322,1
767,323,1
767,324,1
767,325,1
767,326,1
767,327,1
767,328,1
767,329,1
767,330,1
767,331,1
767,332,1
767,333,1
767,334,1
767,335,1
767,336,1
767,337,1
767,338,1
767,339,1
767,340,1
767,341,1
767,342,1
767,343,1
767,344,1
767,345,1
767,346,1
767,347,1
767,348,1
767,349,1
767,350,1
767,351,1
767,352,1
767,353,1
767,354,1
767,355,1
767,356,1
767,357,1
767,358,1
767,359,1
767,360,1
767,361,1
767,362,1
767,363,1
767,364,1
767,365,1
767,366,1
767,367,1
767,368,1
767,369,1
767,370,1
767,371,1
767,372,1
767,373,1
767,374,1
767,375,1
767,376,1
767,377,1
767,378,1
767,379,1
767,380,1
767,381,1
767,382,1
767,383,1
767,384,1
767,385,1
767,386,1
767,387,1
767,388,1
767,389,1
767,390,1
767,391,1
767,392,1
767,393,1
767,394,1
767,395,1
767,396,1
767,397,1
767,398,1
767,399,1
767,400,1
767,401,1
767,402,1
767,403,1
767,404,1
767,405,1
767,406,1
767,407,1
767,408,1
767,409,1
767,410,1
767,411,1
767,412,1
767,413,1
767,414,1
767,415,1
767,416,1
767,417,1
767,418,1
767,419,1
767,420,1
767,421,1
767,422,1
767,423,1
767,424,1
767,425,1
767,426,1
767,427,1
767,428,1
767,429,1
767,430,1
767,431,1
767,432,1
767,433,1
767,434,1
767,435,1
767,436,1
767,437,1
767,438,1
767,439,1
767,440,1
767,441,1
767,442,1
767,443,1
767,444,1
767,445,1
767,446,1
767,447,1