160,38,1
160,39,1
160,62,1
160,63,1
161,33,3
161,36,3
161,38,1
161,39,1
161,57,3
161,60,3
161,62,1
161,63,1
162,38,1
162,39,1
162,62,1
162,63,1
163,38,1
163,39,1
163,62,1
163,63,1
164,33,3
164,36,3
164,38,1
164,39,1
164,57,3
164,60,3
164,62,1
164,63,1
165,38,1
165,39,1
165,62,1
165,63,1
166,38,1
166,39,1
166,62,1
166,63,1
167,33,3
167,36,3
167,38,1
167,39,1
167,57,3
167,60,3
167,62,1
167,63,1
168,38,1
168,39,1
168,62,1
168,63,1
169,38,1
169,39,1
169,62,1
169,63,1
170,33,3
170,36,3
170,38,1
170,39,1
170,57,3
170,60,3
170,62,1
170,63,1
171,38,1
171,39,1
171,62,1
171,63,1
172,38,1
172,39,1
172,62,1
172,63,1
173,33,3
173,36,3
173,38,1
173,39,1
173,57,3
173,60,3
173,62,1
173,63,1
174,38,1
174,39,1
174,62,1
174,63,1
175,32,1
175,33,1
175,34,1
175,35,1
175,36,1
175,37,1
175,38,1
175,39,1
175,56,1
175,57,1
175,58,1
175,59,1
175,60,1
175,61,1
175,62,1
175,63,1
176,55,1
177,50,3
177,53,3
177,55,1
178,55,1
179,55,1
180,44,9
180,50,3
180,53,3
180,55,1
181,55,1
182,55,1
183,50,3
183,53,3
183,55,1
184,55,1
185,55,1
186,41,3
186,44,3
186,47,3
186,50,3
186,53,3
186,55,1
187,55,1
188,55,1
189,41,3
189,44,3
189,47,3
189,50,3
189,53,3
189,55,1
190,55,1
191,40,1
191,41,1
191,42,1
191,43,1
191,44,1
191,45,1
191,46,1
191,47,1
191,48,1
191,49,1
191,50,1
191,51,1
191,52,1
191,53,1
191,54,1
191,55,1