0,47,1
1,42,3
1,45,3
1,47,1
2,47,1
3,47,1
4,36,9
4,42,3
4,45,3
4,47,1
5,47,1
6,47,1
7,42,3
7,45,3
7,47,1
8,47,1
9,47,1
10,42,3
10,45,3
10,47,1
11,47,1
12,47,1
13,36,9
13,42,3
13,45,3
13,47,1
14,47,1
15,47,1
16,42,3
16,45,3
16,47,1
17,47,1
18,47,1
19,42,3
19,45,3
19,47,1
20,47,1
21,47,1
22,36,9
22,42,3
22,45,3
22,47,1
23,47,1
24,47,1
25,42,3
25,45,3
25,47,1
26,47,1
27,47,1
28,42,3
28,45,3
28,47,1
29,47,1
30,47,1
31,36,9
31,42,3
31,45,3
31,47,1
32,47,1
33,47,1
34,42,3
34,45,3
34,47,1
35,47,1
36,47,1
37,42,3
37,45,3
37,47,1
38,47,1
39,47,1
40,36,9
40,42,3
40,45,3
40,47,1
41,47,1
42,47,1
43,42,3
43,45,3
43,47,1
44,47,1
45,47,1
46,42,3
46,45,3
46,47,1
47,47,1
48,47,1
49,36,9
49,42,3
49,45,3
49,47,1
50,47,1
51,47,1
52,42,3
52,45,3
52,47,1
53,47,1
54,47,1
55,42,3
55,45,3
55,47,1
56,47,1
57,47,1
58,36,9
58,42,3
58,45,3
58,47,1
59,47,1
60,47,1
61,42,3
61,45,3
61,47,1
62,47,1
63,32,1
63,33,1
63,34,1
63,35,1
63,36,1
63,37,1
63,38,1
63,39,1
63,40,1
63,41,1
63,42,1
63,43,1
63,44,1
63,45,1
63,46,1
63,47,1
640,422,1
640,423,1
641,417,3
641,420,3
641,422,1
641,423,1
642,422,1
642,423,1
643,422,1
643,423,1
644,417,3
644,420,3
644,422,1
644,423,1
645,422,1
645,423,1
646,416,1
646,417,1
646,418,1
646,419,1
646,420,1
646,421,1
646,422,1
646,423,1
647,416,1
647,417,1
647,418,1
647,419,1
647,420,1
647,421,1
647,422,1
647,423,1
648,430,1
648,431,1
649,425,3
649,428,3
649,430,1
649,431,1
650,430,1
650,431,1
651,430,1
651,431,1
652,425,3
652,428,3
652,430,1
652,431,1
653,430,1
653,431,1
654,424,1
654,425,1
654,426,1
654,427,1
654,428,1
654,429,1
654,430,1
654,431,1
655,424,1
655,425,1
655,426,1
655,427,1
655,428,1
655,429,1
655,430,1
655,431,1
656,438,1
656,439,1
657,433,3
657,436,3
657,438,1
657,439,1
658,438,1
658,439,1
659,438,1
659,439,1
660,433,3
660,436,3
660,438,1
660,439,1
661,438,1
661,439,1
662,432,1
662,433,1
662,434,1
662,435,1
662,436,1
662,437,1
662,438,1
662,439,1
663,432,1
663,433,1
663,434,1
663,435,1
663,436,1
663,437,1
663,438,1
663,439,1
664,446,1
664,447,1
665,441,3
665,444,3
665,446,1
665,447,1
666,446,1
666,447,1
667,446,1
667,447,1
668,441,3
668,444,3
668,446,1
668,447,1
669,446,1
669,447,1
670,440,1
670,441,1
670,442,1
670,443,1
670,444,1
670,445,1
670,446,1
670,447,1
671,440,1
671,441,1
671,442,1
671,443,1
671,444,1
671,445,1
671,446,1
671,447,1
672,406,1
672,407,1
673,401,3
673,404,3
673,406,1
673,407,1
674,406,1
674,407,1
675,406,1
675,407,1
676,401,3
676,404,3
676,406,1
676,407,1
677,406,1
677,407,1
678,400,1
678,401,1
678,402,1
678,403,1
678,404,1
678,405,1
678,406,1
678,407,1
679,400,1
679,401,1
679,402,1
679,403,1
679,404,1
679,405,1
679,406,1
679,407,1
680,414,1
680,415,1
681,409,3
681,412,3
681,414,1
681,415,1
682,414,1
682,415,1
683,414,1
683,415,1
684,409,3
684,412,3
684,414,1
684,415,1
685,414,1
685,415,1
686,408,1
686,409,1
686,410,1
686,411,1
686,412,1
686,413,1
686,414,1
686,415,1
687,408,1
687,409,1
687,410,1
687,411,1
687,412,1
687,413,1
687,414,1
687,415,1
688,398,1
688,399,1
689,393,3
689,396,3
689,398,1
689,399,1
690,398,1
690,399,1
691,398,1
691,399,1
692,393,3
692,396,3
692,398,1
692,399,1
693,398,1
693,399,1
694,392,1
694,393,1
694,394,1
694,395,1
694,396,1
694,397,1
694,398,1
694,399,1
695,392,1
695,393,1
695,394,1
695,395,1
695,396,1
695,397,1
695,398,1
695,399,1
696,390,1
696,391,1
697,385,3
697,388,3
697,390,1
697,391,1
698,390,1
698,391,1
699,390,1
699,391,1
700,385,3
700,388,3
700,390,1
700,391,1
701,390,1
701,391,1
702,384,1
702,385,1
702,386,1
702,387,1
702,388,1
702,389,1
702,390,1
702,391,1
703,384,1
703,385,1
703,386,1
703,387,1
703,388,1
703,389,1
703,390,1
703,391,1
704,454,1
704,455,1
705,449,3
705,452,3
705,454,1
705,455,1
706,454,1
706,455,1
707,454,1
707,455,1
708,449,3
708,452,3
708,454,1
708,455,1
709,454,1
709,455,1
710,448,1
710,449,1
710,450,1
710,451,1
710,452,1
710,453,1
710,454,1
710,455,1
711,448,1
711,449,1
711,450,1
711,451,1
711,452,1
711,453,1
711,454,1
711,455,1
712,462,1
712,463,1
713,457,3
713,460,3
713,462,1
713,463,1
714,462,1
714,463,1
715,462,1
715,463,1
716,457,3
716,460,3
716,462,1
716,463,1
717,462,1
717,463,1
718,456,1
718,457,1
718,458,1
718,459,1
718,460,1
718,461,1
718,462,1
718,463,1
719,456,1
719,457,1
719,458,1
719,459,1
719,460,1
719,461,1
719,462,1
719,463,1
720,470,1
720,471,1
721,465,3
721,468,3
721,470,1
721,471,1
722,470,1
722,471,1
723,470,1
723,471,1
724,465,3
724,468,3
724,470,1
724,471,1
725,470,1
725,471,1
726,464,1
726,465,1
726,466,1
726,467,1
726,468,1
726,469,1
726,470,1
726,471,1
727,464,1
727,465,1
727,466,1
727,467,1
727,468,1
727,469,1
727,470,1
727,471,1
728,478,1
728,479,1
729,473,3
729,476,3
729,478,1
729,479,1
730,478,1
730,479,1
731,478,1
731,479,1
732,473,3
732,476,3
732,478,1
732,479,1
733,478,1
733,479,1
734,472,1
734,473,1
734,474,1
734,475,1
734,476,1
734,477,1
734,478,1
734,479,1
735,472,1
735,473,1
735,474,1
735,475,1
735,476,1
735,477,1
735,478,1
735,479,1
736,494,1
736,495,1
737,489,3
737,492,3
737,494,1
737,495,1
738,494,1
738,495,1
739,494,1
739,495,1
740,489,3
740,492,3
740,494,1
740,495,1
741,494,1
741,495,1
742,488,1
742,489,1
742,490,1
742,491,1
742,492,1
742,493,1
742,494,1
742,495,1
743,488,1
743,489,1
743,490,1
743,491,1
743,492,1
743,493,1
743,494,1
743,495,1
744,486,1
744,487,1
745,481,3
745,484,3
745,486,1
745,487,1
746,486,1
746,487,1
747,486,1
747,487,1
748,481,3
748,484,3
748,486,1
748,487,1
749,486,1
749,487,1
750,480,1
750,481,1
750,482,1
750,483,1
750,484,1
750,485,1
750,486,1
750,487,1
751,480,1
751,481,1
751,482,1
751,483,1
751,484,1
751,485,1
751,486,1
751,487,1
752,510,1
752,511,1
753,505,3
753,508,3
753,510,1
753,511,1
754,510,1
754,511,1
755,510,1
755,511,1
756,505,3
756,508,3
756,510,1
756,511,1
757,510,1
757,511,1
758,504,1
758,505,1
758,506,1
758,507,1
758,508,1
758,509,1
758,510,1
758,511,1
759,504,1
759,505,1
759,506,1
759,507,1
759,508,1
759,509,1
759,510,1
759,511,1
760,502,1
760,503,1
761,497,3
761,500,3
761,502,1
761,503,1
762,502,1
762,503,1
763,502,1
763,503,1
764,497,3
764,500,3
764,502,1
764,503,1
765,502,1
765,503,1
766,496,1
766,497,1
766,498,1
766,499,1
766,500,1
766,501,1
766,502,1
766,503,1
767,496,1
767,497,1
767,498,1
767,499,1
767,500,1
767,501,1
767,502,1
767,503,1