256,254,1
256,255,1
257,254,1
257,255,1
258,254,1
258,255,1
259,254,1
259,255,1
260,240,9
260,249,9
260,254,1
260,255,1
261,254,1
261,255,1
262,254,1
262,255,1
263,254,1
263,255,1
264,254,1
264,255,1
265,254,1
265,255,1
266,254,1
266,255,1
267,254,1
267,255,1
268,254,1
268,255,1
269,222,27
269,240,9
269,249,9
269,254,1
269,255,1
270,254,1
270,255,1
271,254,1
271,255,1
272,254,1
272,255,1
273,254,1
273,255,1
274,254,1
274,255,1
275,254,1
275,255,1
276,254,1
276,255,1
277,254,1
277,255,1
278,240,9
278,249,9
278,254,1
278,255,1
279,254,1
279,255,1
280,254,1
280,255,1
281,254,1
281,255,1
282,254,1
282,255,1
283,254,1
283,255,1
284,254,1
284,255,1
285,254,1
285,255,1
286,254,1
286,255,1
287,240,9
287,249,9
287,254,1
287,255,1
288,254,1
288,255,1
289,254,1
289,255,1
290,254,1
290,255,1
291,254,1
291,255,1
292,254,1
292,255,1
293,254,1
293,255,1
294,254,1
294,255,1
295,254,1
295,255,1
296,168,81
296,222,27
296,240,9
296,249,9
296,254,1
296,255,1
297,254,1
297,255,1
298,254,1
298,255,1
299,254,1
299,255,1
300,254,1
300,255,1
301,254,1
301,255,1
302,254,1
302,255,1
303,254,1
303,255,1
304,254,1
304,255,1
305,240,9
305,249,9
305,254,1
305,255,1
306,254,1
306,255,1
307,254,1
307,255,1
308,254,1
308,255,1
309,254,1
309,255,1
310,254,1
310,255,1
311,254,1
311,255,1
312,254,1
312,255,1
313,254,1
313,255,1
314,240,9
314,249,9
314,254,1
314,255,1
315,254,1
315,255,1
316,254,1
316,255,1
317,254,1
317,255,1
318,254,1
318,255,1
319,254,1
319,255,1
320,254,1
320,255,1
321,254,1
321,255,1
322,254,1
322,255,1
323,222,27
323,240,9
323,249,9
323,254,1
323,255,1
324,254,1
324,255,1
325,254,1
325,255,1
326,254,1
326,255,1
327,254,1
327,255,1
328,254,1
328,255,1
329,254,1
329,255,1
330,254,1
330,255,1
331,254,1
331,255,1
332,240,9
332,249,9
332,254,1
332,255,1
333,254,1
333,255,1
334,254,1
334,255,1
335,254,1
335,255,1
336,254,1
336,255,1
337,254,1
337,255,1
338,254,1
338,255,1
339,254,1
339,255,1
340,254,1
340,255,1
341,240,9
341,249,9
341,254,1
341,255,1
342,254,1
342,255,1
343,254,1
343,255,1
344,254,1
344,255,1
345,254,1
345,255,1
346,254,1
346,255,1
347,254,1
347,255,1
348,254,1
348,255,1
349,254,1
349,255,1
350,222,27
350,240,9
350,249,9
350,254,1
350,255,1
351,254,1
351,255,1
352,254,1
352,255,1
353,254,1
353,255,1
354,254,1
354,255,1
355,254,1
355,255,1
356,254,1
356,255,1
357,254,1
357,255,1
358,254,1
358,255,1
359,240,9
359,249,9
359,254,1
359,255,1
360,254,1
360,255,1
361,254,1
361,255,1
362,254,1
362,255,1
363,254,1
363,255,1
364,254,1
364,255,1
365,254,1
365,255,1
366,254,1
366,255,1
367,254,1
367,255,1
368,240,9
368,249,9
368,254,1
368,255,1
369,254,1
369,255,1
370,254,1
370,255,1
371,254,1
371,255,1
372,254,1
372,255,1
373,254,1
373,255,1
374,254,1
374,255,1
375,254,1
375,255,1
376,254,1
376,255,1
377,168,81
377,222,27
377,240,9
377,249,9
377,254,1
377,255,1
378,254,1
378,255,1
379,254,1
379,255,1
380,254,1
380,255,1
381,254,1
381,255,1
382,254,1
382,255,1
383,254,1
383,255,1
384,254,1
384,255,1
385,254,1
385,255,1
386,240,9
386,249,9
386,254,1
386,255,1
387,254,1
387,255,1
388,254,1
388,255,1
389,254,1
389,255,1
390,254,1
390,255,1
391,254,1
391,255,1
392,254,1
392,255,1
393,254,1
393,255,1
394,254,1
394,255,1
395,240,9
395,249,9
395,254,1
395,255,1
396,254,1
396,255,1
397,254,1
397,255,1
398,254,1
398,255,1
399,254,1
399,255,1
400,254,1
400,255,1
401,254,1
401,255,1
402,254,1
402,255,1
403,254,1
403,255,1
404,222,27
404,240,9
404,249,9
404,254,1
404,255,1
405,254,1
405,255,1
406,254,1
406,255,1
407,254,1
407,255,1
408,254,1
408,255,1
409,254,1
409,255,1
410,254,1
410,255,1
411,254,1
411,255,1
412,254,1
412,255,1
413,240,9
413,249,9
413,254,1
413,255,1
414,254,1
414,255,1
415,254,1
415,255,1
416,254,1
416,255,1
417,254,1
417,255,1
418,254,1
418,255,1
419,254,1
419,255,1
420,254,1
420,255,1
421,254,1
421,255,1
422,240,9
422,249,9
422,254,1
422,255,1
423,254,1
423,255,1
424,254,1
424,255,1
425,254,1
425,255,1
426,254,1
426,255,1
427,254,1
427,255,1
428,254,1
428,255,1
429,254,1
429,255,1
430,254,1
430,255,1
431,222,27
431,240,9
431,249,9
431,254,1
431,255,1
432,254,1
432,255,1
433,254,1
433,255,1
434,254,1
434,255,1
435,254,1
435,255,1
436,254,1
436,255,1
437,254,1
437,255,1
438,254,1
438,255,1
439,254,1
439,255,1
440,240,9
440,249,9
440,254,1
440,255,1
441,254,1
441,255,1
442,254,1
442,255,1
443,254,1
443,255,1
444,254,1
444,255,1
445,254,1
445,255,1
446,254,1
446,255,1
447,254,1
447,255,1
448,254,1
448,255,1
449,240,9
449,249,9
449,254,1
449,255,1
450,254,1
450,255,1
451,254,1
451,255,1
452,254,1
452,255,1
453,254,1
453,255,1
454,254,1
454,255,1
455,254,1
455,255,1
456,254,1
456,255,1
457,254,1
457,255,1
458,168,81
458,222,27
458,240,9
458,249,9
458,254,1
458,255,1
459,254,1
459,255,1
460,254,1
460,255,1
461,254,1
461,255,1
462,254,1
462,255,1
463,254,1
463,255,1
464,254,1
464,255,1
465,254,1
465,255,1
466,254,1
466,255,1
467,240,9
467,249,9
467,254,1
467,255,1
468,254,1
468,255,1
469,254,1
469,255,1
470,254,1
470,255,1
471,254,1
471,255,1
472,254,1
472,255,1
473,254,1
473,255,1
474,254,1
474,255,1
475,254,1
475,255,1
476,240,9
476,249,9
476,254,1
476,255,1
477,254,1
477,255,1
478,254,1
478,255,1
479,254,1
479,255,1
480,254,1
480,255,1
481,254,1
481,255,1
482,254,1
482,255,1
483,254,1
483,255,1
484,254,1
484,255,1
485,222,27
485,240,9
485,249,9
485,254,1
485,255,1
486,254,1
486,255,1
487,254,1
487,255,1
488,254,1
488,255,1
489,254,1
489,255,1
490,254,1
490,255,1
491,254,1
491,255,1
492,254,1
492,255,1
493,254,1
493,255,1
494,240,9
494,249,9
494,254,1
494,255,1
495,254,1
495,255,1
496,254,1
496,255,1
497,254,1
497,255,1
498,254,1
498,255,1
499,254,1
499,255,1
500,254,1
500,255,1
501,254,1
501,255,1
502,254,1
502,255,1
503,132,9
503,141,9
503,150,9
503,159,9
503,168,9
503,177,9
503,186,9
503,195,9
503,204,9
503,213,9
503,222,9
503,231,9
503,240,9
503,249,9
503,254,1
503,255,1
504,254,1
504,255,1
505,254,1
505,255,1
506,254,1
506,255,1
507,254,1
507,255,1
508,254,1
508,255,1
509,129,3
509,132,3
509,135,3
509,138,3
509,141,3
509,144,3
509,147,3
509,150,3
509,153,3
509,156,3
509,159,3
509,162,3
509,165,3
509,168,3
509,171,3
509,174,3
509,177,3
509,180,3
509,183,3
509,186,3
509,189,3
509,192,3
509,195,3
509,198,3
509,201,3
509,204,3
509,207,3
509,210,3
509,213,3
509,216,3
509,219,3
509,222,3
509,225,3
509,228,3
509,231,3
509,234,3
509,237,3
509,240,3
509,243,3
509,246,3
509,249,3
509,252,3
509,254,1
509,255,1
510,254,1
510,255,1
511,128,1
511,129,1
511,130,1
511,131,1
511,132,1
511,133,1
511,134,1
511,135,1
511,136,1
511,137,1
511,138,1
511,139,1
511,140,1
511,141,1
511,142,1
511,143,1
511,144,1
511,145,1
511,146,1
511,147,1
511,148,1
511,149,1
511,150,1
511,151,1
511,152,1
511,153,1
511,154,1
511,155,1
511,156,1
511,157,1
511,158,1
511,159,1
511,160,1
511,161,1
511,162,1
511,163,1
511,164,1
511,165,1
511,166,1
511,167,1
511,168,1
511,169,1
511,170,1
511,171,1
511,172,1
511,173,1
511,174,1
511,175,1
511,176,1
511,177,1
511,178,1
511,179,1
511,180,1
511,181,1
511,182,1
511,183,1
511,184,1
511,185,1
511,186,1
511,187,1
511,188,1
511,189,1
511,190,1
511,191,1
511,192,1
511,193,1
511,194,1
511,195,1
511,196,1
511,197,1
511,198,1
511,199,1
511,200,1
511,201,1
511,202,1
511,203,1
511,204,1
511,205,1
511,206,1
511,207,1
511,208,1
511,209,1
511,210,1
511,211,1
511,212,1
511,213,1
511,214,1
511,215,1
511,216,1
511,217,1
511,218,1
511,219,1
511,220,1
511,221,1
511,222,1
511,223,1
511,224,1
511,225,1
511,226,1
511,227,1
511,228,1
511,229,1
511,230,1
511,231,1
511,232,1
511,233,1
511,234,1
511,235,1
511,236,1
511,237,1
511,238,1
511,239,1
511,240,1
511,241,1
511,242,1
511,243,1
511,244,1
511,245,1
511,246,1
511,247,1
511,248,1
511,249,1
511,250,1
511,251,1
511,252,1
511,253,1
511,254,1
511,255,1