256,126,1
256,127,1
257,126,1
257,127,1
258,126,1
258,127,1
259,126,1
259,127,1
260,112,9
260,121,9
260,126,1
260,127,1
261,126,1
261,127,1
262,126,1
262,127,1
263,126,1
263,127,1
264,126,1
264,127,1
265,126,1
265,127,1
266,126,1
266,127,1
267,126,1
267,127,1
268,126,1
268,127,1
269,94,27
269,112,9
269,121,9
269,126,1
269,127,1
270,126,1
270,127,1
271,126,1
271,127,1
272,126,1
272,127,1
273,126,1
273,127,1
274,126,1
274,127,1
275,126,1
275,127,1
276,126,1
276,127,1
277,126,1
277,127,1
278,112,9
278,121,9
278,126,1
278,127,1
279,126,1
279,127,1
280,126,1
280,127,1
281,126,1
281,127,1
282,126,1
282,127,1
283,126,1
283,127,1
284,126,1
284,127,1
285,126,1
285,127,1
286,126,1
286,127,1
287,112,9
287,121,9
287,126,1
287,127,1
288,126,1
288,127,1
289,126,1
289,127,1
290,126,1
290,127,1
291,126,1
291,127,1
292,126,1
292,127,1
293,126,1
293,127,1
294,126,1
294,127,1
295,126,1
295,127,1
296,40,81
296,94,27
296,112,9
296,121,9
296,126,1
296,127,1
297,126,1
297,127,1
298,126,1
298,127,1
299,126,1
299,127,1
300,126,1
300,127,1
301,126,1
301,127,1
302,126,1
302,127,1
303,126,1
303,127,1
304,126,1
304,127,1
305,112,9
305,121,9
305,126,1
305,127,1
306,126,1
306,127,1
307,126,1
307,127,1
308,126,1
308,127,1
309,126,1
309,127,1
310,126,1
310,127,1
311,126,1
311,127,1
312,126,1
312,127,1
313,126,1
313,127,1
314,112,9
314,121,9
314,126,1
314,127,1
315,126,1
315,127,1
316,126,1
316,127,1
317,126,1
317,127,1
318,126,1
318,127,1
319,126,1
319,127,1
320,126,1
320,127,1
321,126,1
321,127,1
322,126,1
322,127,1
323,94,27
323,112,9
323,121,9
323,126,1
323,127,1
324,126,1
324,127,1
325,126,1
325,127,1
326,126,1
326,127,1
327,126,1
327,127,1
328,126,1
328,127,1
329,126,1
329,127,1
330,126,1
330,127,1
331,126,1
331,127,1
332,112,9
332,121,9
332,126,1
332,127,1
333,126,1
333,127,1
334,126,1
334,127,1
335,126,1
335,127,1
336,126,1
336,127,1
337,126,1
337,127,1
338,126,1
338,127,1
339,126,1
339,127,1
340,126,1
340,127,1
341,112,9
341,121,9
341,126,1
341,127,1
342,126,1
342,127,1
343,126,1
343,127,1
344,126,1
344,127,1
345,126,1
345,127,1
346,126,1
346,127,1
347,126,1
347,127,1
348,126,1
348,127,1
349,126,1
349,127,1
350,94,27
350,112,9
350,121,9
350,126,1
350,127,1
351,126,1
351,127,1
352,126,1
352,127,1
353,126,1
353,127,1
354,126,1
354,127,1
355,126,1
355,127,1
356,126,1
356,127,1
357,126,1
357,127,1
358,126,1
358,127,1
359,112,9
359,121,9
359,126,1
359,127,1
360,126,1
360,127,1
361,126,1
361,127,1
362,126,1
362,127,1
363,126,1
363,127,1
364,126,1
364,127,1
365,126,1
365,127,1
366,126,1
366,127,1
367,126,1
367,127,1
368,112,9
368,121,9
368,126,1
368,127,1
369,126,1
369,127,1
370,126,1
370,127,1
371,126,1
371,127,1
372,126,1
372,127,1
373,126,1
373,127,1
374,126,1
374,127,1
375,126,1
375,127,1
376,126,1
376,127,1
377,40,81
377,94,27
377,112,9
377,121,9
377,126,1
377,127,1
378,126,1
378,127,1
379,126,1
379,127,1
380,126,1
380,127,1
381,126,1
381,127,1
382,126,1
382,127,1
383,126,1
383,127,1
384,126,1
384,127,1
385,126,1
385,127,1
386,112,9
386,121,9
386,126,1
386,127,1
387,126,1
387,127,1
388,126,1
388,127,1
389,126,1
389,127,1
390,126,1
390,127,1
391,126,1
391,127,1
392,126,1
392,127,1
393,126,1
393,127,1
394,126,1
394,127,1
395,112,9
395,121,9
395,126,1
395,127,1
396,126,1
396,127,1
397,126,1
397,127,1
398,126,1
398,127,1
399,126,1
399,127,1
400,126,1
400,127,1
401,126,1
401,127,1
402,126,1
402,127,1
403,126,1
403,127,1
404,94,27
404,112,9
404,121,9
404,126,1
404,127,1
405,126,1
405,127,1
406,126,1
406,127,1
407,126,1
407,127,1
408,126,1
408,127,1
409,126,1
409,127,1
410,126,1
410,127,1
411,126,1
411,127,1
412,126,1
412,127,1
413,112,9
413,121,9
413,126,1
413,127,1
414,126,1
414,127,1
415,126,1
415,127,1
416,126,1
416,127,1
417,126,1
417,127,1
418,126,1
418,127,1
419,126,1
419,127,1
420,126,1
420,127,1
421,126,1
421,127,1
422,112,9
422,121,9
422,126,1
422,127,1
423,126,1
423,127,1
424,126,1
424,127,1
425,126,1
425,127,1
426,126,1
426,127,1
427,126,1
427,127,1
428,126,1
428,127,1
429,126,1
429,127,1
430,126,1
430,127,1
431,94,27
431,112,9
431,121,9
431,126,1
431,127,1
432,126,1
432,127,1
433,126,1
433,127,1
434,126,1
434,127,1
435,126,1
435,127,1
436,126,1
436,127,1
437,126,1
437,127,1
438,126,1
438,127,1
439,126,1
439,127,1
440,112,9
440,121,9
440,126,1
440,127,1
441,126,1
441,127,1
442,126,1
442,127,1
443,126,1
443,127,1
444,126,1
444,127,1
445,126,1
445,127,1
446,126,1
446,127,1
447,126,1
447,127,1
448,126,1
448,127,1
449,112,9
449,121,9
449,126,1
449,127,1
450,126,1
450,127,1
451,126,1
451,127,1
452,126,1
452,127,1
453,126,1
453,127,1
454,126,1
454,127,1
455,126,1
455,127,1
456,126,1
456,127,1
457,126,1
457,127,1
458,40,81
458,94,27
458,112,9
458,121,9
458,126,1
458,127,1
459,126,1
459,127,1
460,126,1
460,127,1
461,126,1
461,127,1
462,126,1
462,127,1
463,126,1
463,127,1
464,126,1
464,127,1
465,126,1
465,127,1
466,126,1
466,127,1
467,112,9
467,121,9
467,126,1
467,127,1
468,126,1
468,127,1
469,126,1
469,127,1
470,126,1
470,127,1
471,126,1
471,127,1
472,126,1
472,127,1
473,126,1
473,127,1
474,126,1
474,127,1
475,126,1
475,127,1
476,112,9
476,121,9
476,126,1
476,127,1
477,126,1
477,127,1
478,126,1
478,127,1
479,126,1
479,127,1
480,126,1
480,127,1
481,126,1
481,127,1
482,126,1
482,127,1
483,126,1
483,127,1
484,126,1
484,127,1
485,94,27
485,112,9
485,121,9
485,126,1
485,127,1
486,126,1
486,127,1
487,126,1
487,127,1
488,126,1
488,127,1
489,126,1
489,127,1
490,126,1
490,127,1
491,126,1
491,127,1
492,126,1
492,127,1
493,126,1
493,127,1
494,112,9
494,121,9
494,126,1
494,127,1
495,126,1
495,127,1
496,126,1
496,127,1
497,126,1
497,127,1
498,126,1
498,127,1
499,126,1
499,127,1
500,126,1
500,127,1
501,126,1
501,127,1
502,126,1
502,127,1
503,4,9
503,13,9
503,22,9
503,31,9
503,40,9
503,49,9
503,58,9
503,67,9
503,76,9
503,85,9
503,94,9
503,103,9
503,112,9
503,121,9
503,126,1
503,127,1
504,126,1
504,127,1
505,126,1
505,127,1
506,126,1
506,127,1
507,126,1
507,127,1
508,126,1
508,127,1
509,1,3
509,4,3
509,7,3
509,10,3
509,13,3
509,16,3
509,19,3
509,22,3
509,25,3
509,28,3
509,31,3
509,34,3
509,37,3
509,40,3
509,43,3
509,46,3
509,49,3
509,52,3
509,55,3
509,58,3
509,61,3
509,64,3
509,67,3
509,70,3
509,73,3
509,76,3
509,79,3
509,82,3
509,85,3
509,88,3
509,91,3
509,94,3
509,97,3
509,100,3
509,103,3
509,106,3
509,109,3
509,112,3
509,115,3
509,118,3
509,121,3
509,124,3
509,126,1
509,127,1
510,126,1
510,127,1
511,0,1
511,1,1
511,2,1
511,3,1
511,4,1
511,5,1
511,6,1
511,7,1
511,8,1
511,9,1
511,10,1
511,11,1
511,12,1
511,13,1
511,14,1
511,15,1
511,16,1
511,17,1
511,18,1
511,19,1
511,20,1
511,21,1
511,22,1
511,23,1
511,24,1
511,25,1
511,26,1
511,27,1
511,28,1
511,29,1
511,30,1
511,31,1
511,32,1
511,33,1
511,34,1
511,35,1
511,36,1
511,37,1
511,38,1
511,39,1
511,40,1
511,41,1
511,42,1
511,43,1
511,44,1
511,45,1
511,46,1
511,47,1
511,48,1
511,49,1
511,50,1
511,51,1
511,52,1
511,53,1
511,54,1
511,55,1
511,56,1
511,57,1
511,58,1
511,59,1
511,60,1
511,61,1
511,62,1
511,63,1
511,64,1
511,65,1
511,66,1
511,67,1
511,68,1
511,69,1
511,70,1
511,71,1
511,72,1
511,73,1
511,74,1
511,75,1
511,76,1
511,77,1
511,78,1
511,79,1
511,80,1
511,81,1
511,82,1
511,83,1
511,84,1
511,85,1
511,86,1
511,87,1
511,88,1
511,89,1
511,90,1
511,91,1
511,92,1
511,93,1
511,94,1
511,95,1
511,96,1
511,97,1
511,98,1
511,99,1
511,100,1
511,101,1
511,102,1
511,103,1
511,104,1
511,105,1
511,106,1
511,107,1
511,108,1
511,109,1
511,110,1
511,111,1
511,112,1
511,113,1
511,114,1
511,115,1
511,116,1
511,117,1
511,118,1
511,119,1
511,120,1
511,121,1
511,122,1
511,123,1
511,124,1
511,125,1
511,126,1
511,127,1