64,31,1
65,26,3
65,29,3
65,31,1
66,31,1
67,31,1
68,20,9
68,26,3
68,29,3
68,31,1
69,31,1
70,31,1
71,26,3
71,29,3
71,31,1
72,31,1
73,31,1
74,26,3
74,29,3
74,31,1
75,31,1
76,31,1
77,20,9
77,26,3
77,29,3
77,31,1
78,31,1
79,31,1
80,26,3
80,29,3
80,31,1
81,31,1
82,31,1
83,26,3
83,29,3
83,31,1
84,31,1
85,31,1
86,20,9
86,26,3
86,29,3
86,31,1
87,31,1
88,31,1
89,26,3
89,29,3
89,31,1
90,31,1
91,31,1
92,26,3
92,29,3
92,31,1
93,31,1
94,31,1
95,20,9
95,26,3
95,29,3
95,31,1
96,31,1
97,31,1
98,26,3
98,29,3
98,31,1
99,31,1
100,31,1
101,26,3
101,29,3
101,31,1
102,31,1
103,31,1
104,20,9
104,26,3
104,29,3
104,31,1
105,31,1
106,31,1
107,26,3
107,29,3
107,31,1
108,31,1
109,31,1
110,26,3
110,29,3
110,31,1
111,31,1
112,31,1
113,20,9
113,26,3
113,29,3
113,31,1
114,31,1
115,31,1
116,26,3
116,29,3
116,31,1
117,31,1
118,31,1
119,26,3
119,29,3
119,31,1
120,31,1
121,31,1
122,20,9
122,26,3
122,29,3
122,31,1
123,31,1
124,31,1
125,26,3
125,29,3
125,31,1
126,31,1
127,16,1
127,17,1
127,18,1
127,19,1
127,20,1
127,21,1
127,22,1
127,23,1
127,24,1
127,25,1
127,26,1
127,27,1
127,28,1
127,29,1
127,30,1
127,31,1