128,62,1
128,63,1
129,60,3
129,62,1
129,63,1
130,62,1
130,63,1
131,62,1
131,63,1
132,60,3
132,62,1
132,63,1
133,62,1
133,63,1
134,62,1
134,63,1
135,60,3
135,62,1
135,63,1
136,62,1
136,63,1
137,62,1
137,63,1
138,60,3
138,62,1
138,63,1
139,62,1
139,63,1
140,62,1
140,63,1
141,45,27
141,60,3
141,62,1
141,63,1
142,62,1
142,63,1
143,62,1
143,63,1
144,60,3
144,62,1
144,63,1
145,62,1
145,63,1
146,62,1
146,63,1
147,60,3
147,62,1
147,63,1
148,62,1
148,63,1
149,62,1
149,63,1
150,60,3
150,62,1
150,63,1
151,62,1
151,63,1
152,62,1
152,63,1
153,60,3
153,62,1
153,63,1
154,62,1
154,63,1
155,62,1
155,63,1
156,33,3
156,36,3
156,39,3
156,42,3
156,45,3
156,48,3
156,51,3
156,54,3
156,57,3
156,60,3
156,62,1
156,63,1
157,62,1
157,63,1
158,32,1
158,33,1
158,34,1
158,35,1
158,36,1
158,37,1
158,38,1
158,39,1
158,40,1
158,41,1
158,42,1
158,43,1
158,44,1
158,45,1
158,46,1
158,47,1
158,48,1
158,49,1
158,50,1
158,51,1
158,52,1
158,53,1
158,54,1
158,55,1
158,56,1
158,57,1
158,58,1
158,59,1
158,60,1
158,61,1
158,62,1
158,63,1
159,32,1
159,33,1
159,34,1
159,35,1
159,36,1
159,37,1
159,38,1
159,39,1
159,40,1
159,41,1
159,42,1
159,43,1
159,44,1
159,45,1
159,46,1
159,47,1
159,48,1
159,49,1
159,50,1
159,51,1
159,52,1
159,53,1
159,54,1
159,55,1
159,56,1
159,57,1
159,58,1
159,59,1
159,60,1
159,61,1
159,62,1
159,63,1