640,343,1
641,341,3
641,343,1
642,343,1
643,340,1
643,341,1
643,342,1
643,343,1
644,339,1
645,337,3
645,339,1
646,339,1
647,336,1
647,337,1
647,338,1
647,339,1
648,347,1
649,345,3
649,347,1
650,347,1
651,344,1
651,345,1
651,346,1
651,347,1
652,351,1
653,349,3
653,351,1
654,351,1
655,348,1
655,349,1
655,350,1
655,351,1
656,323,1
657,321,3
657,323,1
658,323,1
659,320,1
659,321,1
659,322,1
659,323,1
660,327,1
661,325,3
661,327,1
662,327,1
663,324,1
663,325,1
663,326,1
663,327,1
664,335,1
665,333,3
665,335,1
666,335,1
667,332,1
667,333,1
667,334,1
667,335,1
668,331,1
669,329,3
669,331,1
670,331,1
671,328,1
671,329,1
671,330,1
671,331,1
672,359,1
673,357,3
673,359,1
674,359,1
675,356,1
675,357,1
675,358,1
675,359,1
676,355,1
677,353,3
677,355,1
678,355,1
679,352,1
679,353,1
679,354,1
679,355,1
680,363,1
681,361,3
681,363,1
682,363,1
683,360,1
683,361,1
683,362,1
683,363,1
684,367,1
685,365,3
685,367,1
686,367,1
687,364,1
687,365,1
687,366,1
687,367,1
688,383,1
689,381,3
689,383,1
690,383,1
691,380,1
691,381,1
691,382,1
691,383,1
692,379,1
693,377,3
693,379,1
694,379,1
695,376,1
695,377,1
695,378,1
695,379,1
696,375,1
697,373,3
697,375,1
698,375,1
699,372,1
699,373,1
699,374,1
699,375,1
700,371,1
701,369,3
701,371,1
702,371,1
703,368,1
703,369,1
703,370,1
703,371,1
704,307,1
705,305,3
705,307,1
706,307,1
707,304,1
707,305,1
707,306,1
707,307,1
708,311,1
709,309,3
709,311,1
710,311,1
711,308,1
711,309,1
711,310,1
711,311,1
712,319,1
713,317,3
713,319,1
714,319,1
715,316,1
715,317,1
715,318,1
715,319,1
716,315,1
717,313,3
717,315,1
718,315,1
719,312,1
719,313,1
719,314,1
719,315,1
720,291,1
721,289,3
721,291,1
722,291,1
723,288,1
723,289,1
723,290,1
723,291,1
724,295,1
725,293,3
725,295,1
726,295,1
727,292,1
727,293,1
727,294,1
727,295,1
728,303,1
729,301,3
729,303,1
730,303,1
731,300,1
731,301,1
731,302,1
731,303,1
732,299,1
733,297,3
733,299,1
734,299,1
735,296,1
735,297,1
735,298,1
735,299,1
736,283,1
737,281,3
737,283,1
738,283,1
739,280,1
739,281,1
739,282,1
739,283,1
740,287,1
741,285,3
741,287,1
742,287,1
743,284,1
743,285,1
743,286,1
743,287,1
744,275,1
745,273,3
745,275,1
746,275,1
747,272,1
747,273,1
747,274,1
747,275,1
748,279,1
749,277,3
749,279,1
750,279,1
751,276,1
751,277,1
751,278,1
751,279,1
752,267,1
753,265,3
753,267,1
754,267,1
755,264,1
755,265,1
755,266,1
755,267,1
756,271,1
757,269,3
757,271,1
758,271,1
759,268,1
759,269,1
759,270,1
759,271,1
760,259,1
761,257,3
761,259,1
762,259,1
763,256,1
763,257,1
763,258,1
763,259,1
764,263,1
765,261,3
765,263,1
766,263,1
767,260,1
767,261,1
767,262,1
767,263,1