640,336,1
640,337,1
641,336,1
641,337,1
642,338,1
642,339,1
643,338,1
643,339,1
644,342,1
644,343,1
645,342,1
645,343,1
646,340,1
646,341,1
647,340,1
647,341,1
648,348,1
648,349,1
649,348,1
649,349,1
650,350,1
650,351,1
651,350,1
651,351,1
652,344,1
652,345,1
653,344,1
653,345,1
654,346,1
654,347,1
655,346,1
655,347,1
656,326,1
656,327,1
657,326,1
657,327,1
658,324,1
658,325,1
659,324,1
659,325,1
660,322,1
660,323,1
661,322,1
661,323,1
662,320,1
662,321,1
663,320,1
663,321,1
664,328,1
664,329,1
665,328,1
665,329,1
666,330,1
666,331,1
667,330,1
667,331,1
668,334,1
668,335,1
669,334,1
669,335,1
670,332,1
670,333,1
671,332,1
671,333,1
672,354,1
672,355,1
673,354,1
673,355,1
674,352,1
674,353,1
675,352,1
675,353,1
676,356,1
676,357,1
677,356,1
677,357,1
678,358,1
678,359,1
679,358,1
679,359,1
680,366,1
680,367,1
681,366,1
681,367,1
682,364,1
682,365,1
683,364,1
683,365,1
684,362,1
684,363,1
685,362,1
685,363,1
686,360,1
686,361,1
687,360,1
687,361,1
688,378,1
688,379,1
689,378,1
689,379,1
690,376,1
690,377,1
691,376,1
691,377,1
692,380,1
692,381,1
693,380,1
693,381,1
694,382,1
694,383,1
695,382,1
695,383,1
696,368,1
696,369,1
697,368,1
697,369,1
698,370,1
698,371,1
699,370,1
699,371,1
700,374,1
700,375,1
701,374,1
701,375,1
702,372,1
702,373,1
703,372,1
703,373,1
704,310,1
704,311,1
705,310,1
705,311,1
706,308,1
706,309,1
707,308,1
707,309,1
708,306,1
708,307,1
709,306,1
709,307,1
710,304,1
710,305,1
711,304,1
711,305,1
712,314,1
712,315,1
713,314,1
713,315,1
714,312,1
714,313,1
715,312,1
715,313,1
716,316,1
716,317,1
717,316,1
717,317,1
718,318,1
718,319,1
719,318,1
719,319,1
720,294,1
720,295,1
721,294,1
721,295,1
722,292,1
722,293,1
723,292,1
723,293,1
724,290,1
724,291,1
725,290,1
725,291,1
726,288,1
726,289,1
727,288,1
727,289,1
728,298,1
728,299,1
729,298,1
729,299,1
730,296,1
730,297,1
731,296,1
731,297,1
732,300,1
732,301,1
733,300,1
733,301,1
734,302,1
734,303,1
735,302,1
735,303,1
736,286,1
736,287,1
737,286,1
737,287,1
738,284,1
738,285,1
739,284,1
739,285,1
740,282,1
740,283,1
741,282,1
741,283,1
742,280,1
742,281,1
743,280,1
743,281,1
744,278,1
744,279,1
745,278,1
745,279,1
746,276,1
746,277,1
747,276,1
747,277,1
748,274,1
748,275,1
749,274,1
749,275,1
750,272,1
750,273,1
751,272,1
751,273,1
752,268,1
752,269,1
753,268,1
753,269,1
754,270,1
754,271,1
755,270,1
755,271,1
756,264,1
756,265,1
757,264,1
757,265,1
758,266,1
758,267,1
759,266,1
759,267,1
760,260,1
760,261,1
761,260,1
761,261,1
762,262,1
762,263,1
763,262,1
763,263,1
764,256,1
764,257,1
765,256,1
765,257,1
766,258,1
766,259,1
767,258,1
767,259,1