768,255,1
769,253,3
769,255,1
770,255,1
771,255,1
772,247,9
772,253,3
772,255,1
773,255,1
774,255,1
775,253,3
775,255,1
776,255,1
777,255,1
778,253,3
778,255,1
779,255,1
780,255,1
781,247,9
781,253,3
781,255,1
782,255,1
783,255,1
784,253,3
784,255,1
785,255,1
786,255,1
787,253,3
787,255,1
788,255,1
789,255,1
790,247,9
790,253,3
790,255,1
791,255,1
792,255,1
793,253,3
793,255,1
794,255,1
795,255,1
796,253,3
796,255,1
797,255,1
798,255,1
799,247,9
799,253,3
799,255,1
800,255,1
801,255,1
802,253,3
802,255,1
803,255,1
804,255,1
805,253,3
805,255,1
806,255,1
807,255,1
808,247,9
808,253,3
808,255,1
809,255,1
810,255,1
811,253,3
811,255,1
812,255,1
813,255,1
814,253,3
814,255,1
815,255,1
816,255,1
817,247,9
817,253,3
817,255,1
818,255,1
819,255,1
820,253,3
820,255,1
821,255,1
822,255,1
823,253,3
823,255,1
824,255,1
825,255,1
826,247,9
826,253,3
826,255,1
827,255,1
828,255,1
829,253,3
829,255,1
830,255,1
831,255,1
832,253,3
832,255,1
833,255,1
834,255,1
835,247,9
835,253,3
835,255,1
836,255,1
837,255,1
838,253,3
838,255,1
839,255,1
840,255,1
841,253,3
841,255,1
842,255,1
843,255,1
844,247,9
844,253,3
844,255,1
845,255,1
846,255,1
847,253,3
847,255,1
848,255,1
849,255,1
850,253,3
850,255,1
851,255,1
852,255,1
853,247,9
853,253,3
853,255,1
854,255,1
855,255,1
856,253,3
856,255,1
857,255,1
858,255,1
859,253,3
859,255,1
860,255,1
861,255,1
862,247,9
862,253,3
862,255,1
863,255,1
864,255,1
865,253,3
865,255,1
866,255,1
867,255,1
868,253,3
868,255,1
869,255,1
870,255,1
871,247,9
871,253,3
871,255,1
872,255,1
873,255,1
874,253,3
874,255,1
875,255,1
876,255,1
877,253,3
877,255,1
878,255,1
879,255,1
880,247,9
880,253,3
880,255,1
881,255,1
882,255,1
883,253,3
883,255,1
884,255,1
885,255,1
886,253,3
886,255,1
887,255,1
888,255,1
889,121,243
889,247,9
889,253,3
889,255,1
890,255,1
891,255,1
892,253,3
892,255,1
893,255,1
894,255,1
895,253,3
895,255,1
896,255,1
897,255,1
898,247,9
898,253,3
898,255,1
899,255,1
900,255,1
901,253,3
901,255,1
902,255,1
903,255,1
904,253,3
904,255,1
905,255,1
906,255,1
907,247,9
907,253,3
907,255,1
908,255,1
909,255,1
910,253,3
910,255,1
911,255,1
912,255,1
913,253,3
913,255,1
914,255,1
915,255,1
916,247,9
916,253,3
916,255,1
917,255,1
918,255,1
919,253,3
919,255,1
920,255,1
921,255,1
922,253,3
922,255,1
923,255,1
924,255,1
925,247,9
925,253,3
925,255,1
926,255,1
927,255,1
928,253,3
928,255,1
929,255,1
930,255,1
931,253,3
931,255,1
932,255,1
933,255,1
934,247,9
934,253,3
934,255,1
935,255,1
936,255,1
937,253,3
937,255,1
938,255,1
939,255,1
940,253,3
940,255,1
941,255,1
942,255,1
943,247,9
943,253,3
943,255,1
944,255,1
945,255,1
946,253,3
946,255,1
947,255,1
948,255,1
949,253,3
949,255,1
950,255,1
951,255,1
952,247,9
952,253,3
952,255,1
953,255,1
954,255,1
955,253,3
955,255,1
956,255,1
957,255,1
958,253,3
958,255,1
959,255,1
960,255,1
961,247,9
961,253,3
961,255,1
962,255,1
963,255,1
964,253,3
964,255,1
965,255,1
966,255,1
967,253,3
967,255,1
968,255,1
969,255,1
970,247,9
970,253,3
970,255,1
971,255,1
972,255,1
973,253,3
973,255,1
974,255,1
975,255,1
976,253,3
976,255,1
977,255,1
978,255,1
979,247,9
979,253,3
979,255,1
980,255,1
981,255,1
982,253,3
982,255,1
983,255,1
984,255,1
985,253,3
985,255,1
986,255,1
987,255,1
988,247,9
988,253,3
988,255,1
989,255,1
990,255,1
991,253,3
991,255,1
992,255,1
993,255,1
994,253,3
994,255,1
995,255,1
996,255,1
997,247,9
997,253,3
997,255,1
998,255,1
999,255,1
1000,253,3
1000,255,1
1001,255,1
1002,255,1
1003,253,3
1003,255,1
1004,255,1
1005,255,1
1006,247,9
1006,253,3
1006,255,1
1007,255,1
1008,255,1
1009,253,3
1009,255,1
1010,255,1
1011,255,1
1012,253,3
1012,255,1
1013,255,1
1014,255,1
1015,4,9
1015,13,9
1015,22,9
1015,31,9
1015,40,9
1015,49,9
1015,58,9
1015,67,9
1015,76,9
1015,85,9
1015,94,9
1015,103,9
1015,112,9
1015,121,9
1015,130,9
1015,139,9
1015,148,9
1015,157,9
1015,166,9
1015,175,9
1015,184,9
1015,193,9
1015,202,9
1015,211,9
1015,220,9
1015,229,9
1015,238,9
1015,247,9
1015,253,3
1015,255,1
1016,255,1
1017,255,1
1018,253,3
1018,255,1
1019,255,1
1020,255,1
1021,1,3
1021,4,3
1021,7,3
1021,10,3
1021,13,3
1021,16,3
1021,19,3
1021,22,3
1021,25,3
1021,28,3
1021,31,3
1021,34,3
1021,37,3
1021,40,3
1021,43,3
1021,46,3
1021,49,3
1021,52,3
1021,55,3
1021,58,3
1021,61,3
1021,64,3
1021,67,3
1021,70,3
1021,73,3
1021,76,3
1021,79,3
1021,82,3
1021,85,3
1021,88,3
1021,91,3
1021,94,3
1021,97,3
1021,100,3
1021,103,3
1021,106,3
1021,109,3
1021,112,3
1021,115,3
1021,118,3
1021,121,3
1021,124,3
1021,127,3
1021,130,3
1021,133,3
1021,136,3
1021,139,3
1021,142,3
1021,145,3
1021,148,3
1021,151,3
1021,154,3
1021,157,3
1021,160,3
1021,163,3
1021,166,3
1021,169,3
1021,172,3
1021,175,3
1021,178,3
1021,181,3
1021,184,3
1021,187,3
1021,190,3
1021,193,3
1021,196,3
1021,199,3
1021,202,3
1021,205,3
1021,208,3
1021,211,3
1021,214,3
1021,217,3
1021,220,3
1021,223,3
1021,226,3
1021,229,3
1021,232,3
1021,235,3
1021,238,3
1021,241,3
1021,244,3
1021,247,3
1021,250,3
1021,253,3
1021,255,1
1022,255,1
1023,0,1
1023,1,1
1023,2,1
1023,3,1
1023,4,1
1023,5,1
1023,6,1
1023,7,1
1023,8,1
1023,9,1
1023,10,1
1023,11,1
1023,12,1
1023,13,1
1023,14,1
1023,15,1
1023,16,1
1023,17,1
1023,18,1
1023,19,1
1023,20,1
1023,21,1
1023,22,1
1023,23,1
1023,24,1
1023,25,1
1023,26,1
1023,27,1
1023,28,1
1023,29,1
1023,30,1
1023,31,1
1023,32,1
1023,33,1
1023,34,1
1023,35,1
1023,36,1
1023,37,1
1023,38,1
1023,39,1
1023,40,1
1023,41,1
1023,42,1
1023,43,1
1023,44,1
1023,45,1
1023,46,1
1023,47,1
1023,48,1
1023,49,1
1023,50,1
1023,51,1
1023,52,1
1023,53,1
1023,54,1
1023,55,1
1023,56,1
1023,57,1
1023,58,1
1023,59,1
1023,60,1
1023,61,1
1023,62,1
1023,63,1
1023,64,1
1023,65,1
1023,66,1
1023,67,1
1023,68,1
1023,69,1
1023,70,1
1023,71,1
1023,72,1
1023,73,1
1023,74,1
1023,75,1
1023,76,1
1023,77,1
1023,78,1
1023,79,1
1023,80,1
1023,81,1
1023,82,1
1023,83,1
1023,84,1
1023,85,1
1023,86,1
1023,87,1
1023,88,1
1023,89,1
1023,90,1
1023,91,1
1023,92,1
1023,93,1
1023,94,1
1023,95,1
1023,96,1
1023,97,1
1023,98,1
1023,99,1
1023,100,1
1023,101,1
1023,102,1
1023,103,1
1023,104,1
1023,105,1
1023,106,1
1023,107,1
1023,108,1
1023,109,1
1023,110,1
1023,111,1
1023,112,1
1023,113,1
1023,114,1
1023,115,1
1023,116,1
1023,117,1
1023,118,1
1023,119,1
1023,120,1
1023,121,1
1023,122,1
1023,123,1
1023,124,1
1023,125,1
1023,126,1
1023,127,1
1023,128,1
1023,129,1
1023,130,1
1023,131,1
1023,132,1
1023,133,1
1023,134,1
1023,135,1
1023,136,1
1023,137,1
1023,138,1
1023,139,1
1023,140,1
1023,141,1
1023,142,1
1023,143,1
1023,144,1
1023,145,1
1023,146,1
1023,147,1
1023,148,1
1023,149,1
1023,150,1
1023,151,1
1023,152,1
1023,153,1
1023,154,1
1023,155,1
1023,156,1
1023,157,1
1023,158,1
1023,159,1
1023,160,1
1023,161,1
1023,162,1
1023,163,1
1023,164,1
1023,165,1
1023,166,1
1023,167,1
1023,168,1
1023,169,1
1023,170,1
1023,171,1
1023,172,1
1023,173,1
1023,174,1
1023,175,1
1023,176,1
1023,177,1
1023,178,1
1023,179,1
1023,180,1
1023,181,1
1023,182,1
1023,183,1
1023,184,1
1023,185,1
1023,186,1
1023,187,1
1023,188,1
1023,189,1
1023,190,1
1023,191,1
1023,192,1
1023,193,1
1023,194,1
1023,195,1
1023,196,1
1023,197,1
1023,198,1
1023,199,1
1023,200,1
1023,201,1
1023,202,1
1023,203,1
1023,204,1
1023,205,1
1023,206,1
1023,207,1
1023,208,1
1023,209,1
1023,210,1
1023,211,1
1023,212,1
1023,213,1
1023,214,1
1023,215,1
1023,216,1
1023,217,1
1023,218,1
1023,219,1
1023,220,1
1023,221,1
1023,222,1
1023,223,1
1023,224,1
1023,225,1
1023,226,1
1023,227,1
1023,228,1
1023,229,1
1023,230,1
1023,231,1
1023,232,1
1023,233,1
1023,234,1
1023,235,1
1023,236,1
1023,237,1
1023,238,1
1023,239,1
1023,240,1
1023,241,1
1023,242,1
1023,243,1
1023,244,1
1023,245,1
1023,246,1
1023,247,1
1023,248,1
1023,249,1
1023,250,1
1023,251,1
1023,252,1
1023,253,1
1023,254,1
1023,255,1