0,255,1
1,255,1
2,255,1
3,255,1
4,250,9
4,255,1
5,255,1
6,255,1
7,255,1
8,255,1
9,255,1
10,255,1
11,255,1
12,255,1
13,205,27
13,232,27
13,250,9
13,255,1
14,255,1
15,255,1
16,255,1
17,255,1
18,255,1
19,255,1
20,255,1
21,255,1
22,250,9
22,255,1
23,255,1
24,255,1
25,255,1
26,255,1
27,255,1
28,255,1
29,255,1
30,255,1
31,250,9
31,255,1
32,255,1
33,255,1
34,255,1
35,255,1
36,255,1
37,255,1
38,255,1
39,255,1
40,205,27
40,232,27
40,250,9
40,255,1
41,255,1
42,255,1
43,255,1
44,255,1
45,255,1
46,255,1
47,255,1
48,255,1
49,250,9
49,255,1
50,255,1
51,255,1
52,255,1
53,255,1
54,255,1
55,255,1
56,255,1
57,255,1
58,250,9
58,255,1
59,255,1
60,255,1
61,255,1
62,255,1
63,255,1
64,255,1
65,255,1
66,255,1
67,205,27
67,232,27
67,250,9
67,255,1
68,255,1
69,255,1
70,255,1
71,255,1
72,255,1
73,255,1
74,255,1
75,255,1
76,250,9
76,255,1
77,255,1
78,255,1
79,255,1
80,255,1
81,255,1
82,255,1
83,255,1
84,255,1
85,250,9
85,255,1
86,255,1
87,255,1
88,255,1
89,255,1
90,255,1
91,255,1
92,255,1
93,255,1
94,205,27
94,232,27
94,250,9
94,255,1
95,255,1
96,255,1
97,255,1
98,255,1
99,255,1
100,255,1
101,255,1
102,255,1
103,250,9
103,255,1
104,255,1
105,255,1
106,255,1
107,255,1
108,255,1
109,255,1
110,255,1
111,255,1
112,250,9
112,255,1
113,255,1
114,255,1
115,255,1
116,255,1
117,255,1
118,255,1
119,255,1
120,255,1
121,205,27
121,232,27
121,250,9
121,255,1
122,255,1
123,255,1
124,255,1
125,255,1
126,255,1
127,255,1
128,255,1
129,255,1
130,250,9
130,255,1
131,255,1
132,255,1
133,255,1
134,255,1
135,255,1
136,255,1
137,255,1
138,255,1
139,250,9
139,255,1
140,255,1
141,255,1
142,255,1
143,255,1
144,255,1
145,255,1
146,255,1
147,255,1
148,205,27
148,232,27
148,250,9
148,255,1
149,255,1
150,255,1
151,255,1
152,255,1
153,255,1
154,255,1
155,255,1
156,255,1
157,250,9
157,255,1
158,255,1
159,255,1
160,255,1
161,255,1
162,255,1
163,255,1
164,255,1
165,255,1
166,250,9
166,255,1
167,255,1
168,255,1
169,255,1
170,255,1
171,255,1
172,255,1
173,255,1
174,255,1
175,205,27
175,232,27
175,250,9
175,255,1
176,255,1
177,255,1
178,255,1
179,255,1
180,255,1
181,255,1
182,255,1
183,255,1
184,250,9
184,255,1
185,255,1
186,255,1
187,255,1
188,255,1
189,255,1
190,255,1
191,255,1
192,255,1
193,250,9
193,255,1
194,255,1
195,255,1
196,255,1
197,255,1
198,255,1
199,255,1
200,255,1
201,255,1
202,205,27
202,232,27
202,250,9
202,255,1
203,255,1
204,255,1
205,255,1
206,255,1
207,255,1
208,255,1
209,255,1
210,255,1
211,250,9
211,255,1
212,255,1
213,255,1
214,255,1
215,255,1
216,255,1
217,255,1
218,255,1
219,255,1
220,250,9
220,255,1
221,255,1
222,255,1
223,255,1
224,255,1
225,255,1
226,255,1
227,255,1
228,255,1
229,205,27
229,232,27
229,250,9
229,255,1
230,255,1
231,255,1
232,255,1
233,255,1
234,255,1
235,255,1
236,255,1
237,255,1
238,250,9
238,255,1
239,255,1
240,255,1
241,255,1
242,255,1
243,255,1
244,255,1
245,255,1
246,255,1
247,196,9
247,205,9
247,214,9
247,223,9
247,232,9
247,241,9
247,250,9
247,255,1
248,255,1
249,255,1
250,255,1
251,255,1
252,255,1
253,193,3
253,196,3
253,199,3
253,202,3
253,205,3
253,208,3
253,211,3
253,214,3
253,217,3
253,220,3
253,223,3
253,226,3
253,229,3
253,232,3
253,235,3
253,238,3
253,241,3
253,244,3
253,247,3
253,250,3
253,253,3
253,255,1
254,255,1
255,192,1
255,193,1
255,194,1
255,195,1
255,196,1
255,197,1
255,198,1
255,199,1
255,200,1
255,201,1
255,202,1
255,203,1
255,204,1
255,205,1
255,206,1
255,207,1
255,208,1
255,209,1
255,210,1
255,211,1
255,212,1
255,213,1
255,214,1
255,215,1
255,216,1
255,217,1
255,218,1
255,219,1
255,220,1
255,221,1
255,222,1
255,223,1
255,224,1
255,225,1
255,226,1
255,227,1
255,228,1
255,229,1
255,230,1
255,231,1
255,232,1
255,233,1
255,234,1
255,235,1
255,236,1
255,237,1
255,238,1
255,239,1
255,240,1
255,241,1
255,242,1
255,243,1
255,244,1
255,245,1
255,246,1
255,247,1
255,248,1
255,249,1
255,250,1
255,251,1
255,252,1
255,253,1
255,254,1
255,255,1
512,383,1
512,511,1
513,383,1
513,511,1
514,383,1
514,511,1
515,383,1
515,511,1
516,378,9
516,383,1
516,506,9
516,511,1
517,383,1
517,511,1
518,383,1
518,511,1
519,383,1
519,511,1
520,383,1
520,511,1
521,383,1
521,511,1
522,383,1
522,511,1
523,383,1
523,511,1
524,383,1
524,511,1
525,333,27
525,360,27
525,378,9
525,383,1
525,461,27
525,488,27
525,506,9
525,511,1
526,383,1
526,511,1
527,383,1
527,511,1
528,383,1
528,511,1
529,383,1
529,511,1
530,383,1
530,511,1
531,383,1
531,511,1
532,383,1
532,511,1
533,383,1
533,511,1
534,378,9
534,383,1
534,506,9
534,511,1
535,383,1
535,511,1
536,383,1
536,511,1
537,383,1
537,511,1
538,383,1
538,511,1
539,383,1
539,511,1
540,383,1
540,511,1
541,383,1
541,511,1
542,383,1
542,511,1
543,378,9
543,383,1
543,506,9
543,511,1
544,383,1
544,511,1
545,383,1
545,511,1
546,383,1
546,511,1
547,383,1
547,511,1
548,383,1
548,511,1
549,383,1
549,511,1
550,383,1
550,511,1
551,383,1
551,511,1
552,333,27
552,360,27
552,378,9
552,383,1
552,461,27
552,488,27
552,506,9
552,511,1
553,383,1
553,511,1
554,383,1
554,511,1
555,383,1
555,511,1
556,383,1
556,511,1
557,383,1
557,511,1
558,383,1
558,511,1
559,383,1
559,511,1
560,383,1
560,511,1
561,378,9
561,383,1
561,506,9
561,511,1
562,383,1
562,511,1
563,383,1
563,511,1
564,383,1
564,511,1
565,383,1
565,511,1
566,383,1
566,511,1
567,383,1
567,511,1
568,383,1
568,511,1
569,383,1
569,511,1
570,324,9
570,333,9
570,342,9
570,351,9
570,360,9
570,369,9
570,378,9
570,383,1
570,452,9
570,461,9
570,470,9
570,479,9
570,488,9
570,497,9
570,506,9
570,511,1
571,383,1
571,511,1
572,383,1
572,511,1
573,383,1
573,511,1
574,383,1
574,511,1
575,320,1
575,321,1
575,322,1
575,323,1
575,324,1
575,325,1
575,326,1
575,327,1
575,328,1
575,329,1
575,330,1
575,331,1
575,332,1
575,333,1
575,334,1
575,335,1
575,336,1
575,337,1
575,338,1
575,339,1
575,340,1
575,341,1
575,342,1
575,343,1
575,344,1
575,345,1
575,346,1
575,347,1
575,348,1
575,349,1
575,350,1
575,351,1
575,352,1
575,353,1
575,354,1
575,355,1
575,356,1
575,357,1
575,358,1
575,359,1
575,360,1
575,361,1
575,362,1
575,363,1
575,364,1
575,365,1
575,366,1
575,367,1
575,368,1
575,369,1
575,370,1
575,371,1
575,372,1
575,373,1
575,374,1
575,375,1
575,376,1
575,377,1
575,378,1
575,379,1
575,380,1
575,381,1
575,382,1
575,383,1
575,448,1
575,449,1
575,450,1
575,451,1
575,452,1
575,453,1
575,454,1
575,455,1
575,456,1
575,457,1
575,458,1
575,459,1
575,460,1
575,461,1
575,462,1
575,463,1
575,464,1
575,465,1
575,466,1
575,467,1
575,468,1
575,469,1
575,470,1
575,471,1
575,472,1
575,473,1
575,474,1
575,475,1
575,476,1
575,477,1
575,478,1
575,479,1
575,480,1
575,481,1
575,482,1
575,483,1
575,484,1
575,485,1
575,486,1
575,487,1
575,488,1
575,489,1
575,490,1
575,491,1
575,492,1
575,493,1
575,494,1
575,495,1
575,496,1
575,497,1
575,498,1
575,499,1
575,500,1
575,501,1
575,502,1
575,503,1
575,504,1
575,505,1
575,506,1
575,507,1
575,508,1
575,509,1
575,510,1
575,511,1
576,319,1
576,447,1
577,319,1
577,447,1
578,319,1
578,447,1
579,319,1
579,447,1
580,314,9
580,319,1
580,442,9
580,447,1
581,319,1
581,447,1
582,319,1
582,447,1
583,319,1
583,447,1
584,319,1
584,447,1
585,319,1
585,447,1
586,319,1
586,447,1
587,319,1
587,447,1
588,319,1
588,447,1
589,269,27
589,296,27
589,314,9
589,319,1
589,397,27
589,424,27
589,442,9
589,447,1
590,319,1
590,447,1
591,319,1
591,447,1
592,319,1
592,447,1
593,319,1
593,447,1
594,319,1
594,447,1
595,319,1
595,447,1
596,319,1
596,447,1
597,319,1
597,447,1
598,314,9
598,319,1
598,442,9
598,447,1
599,319,1
599,447,1
600,319,1
600,447,1
601,319,1
601,447,1
602,319,1
602,447,1
603,319,1
603,447,1
604,319,1
604,447,1
605,319,1
605,447,1
606,319,1
606,447,1
607,314,9
607,319,1
607,442,9
607,447,1
608,319,1
608,447,1
609,319,1
609,447,1
610,319,1
610,447,1
611,319,1
611,447,1
612,319,1
612,447,1
613,319,1
613,447,1
614,319,1
614,447,1
615,319,1
615,447,1
616,269,27
616,296,27
616,314,9
616,319,1
616,397,27
616,424,27
616,442,9
616,447,1
617,319,1
617,447,1
618,319,1
618,447,1
619,319,1
619,447,1
620,319,1
620,447,1
621,319,1
621,447,1
622,319,1
622,447,1
623,319,1
623,447,1
624,319,1
624,447,1
625,314,9
625,319,1
625,442,9
625,447,1
626,319,1
626,447,1
627,319,1
627,447,1
628,319,1
628,447,1
629,319,1
629,447,1
630,319,1
630,447,1
631,319,1
631,447,1
632,319,1
632,447,1
633,319,1
633,447,1
634,260,9
634,269,9
634,278,9
634,287,9
634,296,9
634,305,9
634,314,9
634,319,1
634,388,9
634,397,9
634,406,9
634,415,9
634,424,9
634,433,9
634,442,9
634,447,1
635,319,1
635,447,1
636,319,1
636,447,1
637,319,1
637,447,1
638,319,1
638,447,1
639,256,1
639,257,1
639,258,1
639,259,1
639,260,1
639,261,1
639,262,1
639,263,1
639,264,1
639,265,1
639,266,1
639,267,1
639,268,1
639,269,1
639,270,1
639,271,1
639,272,1
639,273,1
639,274,1
639,275,1
639,276,1
639,277,1
639,278,1
639,279,1
639,280,1
639,281,1
639,282,1
639,283,1
639,284,1
639,285,1
639,286,1
639,287,1
639,288,1
639,289,1
639,290,1
639,291,1
639,292,1
639,293,1
639,294,1
639,295,1
639,296,1
639,297,1
639,298,1
639,299,1
639,300,1
639,301,1
639,302,1
639,303,1
639,304,1
639,305,1
639,306,1
639,307,1
639,308,1
639,309,1
639,310,1
639,311,1
639,312,1
639,313,1
639,314,1
639,315,1
639,316,1
639,317,1
639,318,1
639,319,1
639,384,1
639,385,1
639,386,1
639,387,1
639,388,1
639,389,1
639,390,1
639,391,1
639,392,1
639,393,1
639,394,1
639,395,1
639,396,1
639,397,1
639,398,1
639,399,1
639,400,1
639,401,1
639,402,1
639,403,1
639,404,1
639,405,1
639,406,1
639,407,1
639,408,1
639,409,1
639,410,1
639,411,1
639,412,1
639,413,1
639,414,1
639,415,1
639,416,1
639,417,1
639,418,1
639,419,1
639,420,1
639,421,1
639,422,1
639,423,1
639,424,1
639,425,1
639,426,1
639,427,1
639,428,1
639,429,1
639,430,1
639,431,1
639,432,1
639,433,1
639,434,1
639,435,1
639,436,1
639,437,1
639,438,1
639,439,1
639,440,1
639,441,1
639,442,1
639,443,1
639,444,1
639,445,1
639,446,1
639,447,1