0,1023,1
1,1021,3
1,1023,1
2,1023,1
3,1023,1
4,1015,9
4,1021,3
4,1023,1
5,1023,1
6,1023,1
7,1021,3
7,1023,1
8,1023,1
9,1023,1
10,1021,3
10,1023,1
11,1023,1
12,1023,1
13,1015,9
13,1021,3
13,1023,1
14,1023,1
15,1023,1
16,1021,3
16,1023,1
17,1023,1
18,1023,1
19,1021,3
19,1023,1
20,1023,1
21,1023,1
22,1015,9
22,1021,3
22,1023,1
23,1023,1
24,1023,1
25,1021,3
25,1023,1
26,1023,1
27,1023,1
28,1021,3
28,1023,1
29,1023,1
30,1023,1
31,1015,9
31,1021,3
31,1023,1
32,1023,1
33,1023,1
34,1021,3
34,1023,1
35,1023,1
36,1023,1
37,1021,3
37,1023,1
38,1023,1
39,1023,1
40,1015,9
40,1021,3
40,1023,1
41,1023,1
42,1023,1
43,1021,3
43,1023,1
44,1023,1
45,1023,1
46,1021,3
46,1023,1
47,1023,1
48,1023,1
49,1015,9
49,1021,3
49,1023,1
50,1023,1
51,1023,1
52,1021,3
52,1023,1
53,1023,1
54,1023,1
55,1021,3
55,1023,1
56,1023,1
57,1023,1
58,1015,9
58,1021,3
58,1023,1
59,1023,1
60,1023,1
61,1021,3
61,1023,1
62,1023,1
63,1023,1
64,1021,3
64,1023,1
65,1023,1
66,1023,1
67,1015,9
67,1021,3
67,1023,1
68,1023,1
69,1023,1
70,1021,3
70,1023,1
71,1023,1
72,1023,1
73,1021,3
73,1023,1
74,1023,1
75,1023,1
76,1015,9
76,1021,3
76,1023,1
77,1023,1
78,1023,1
79,1021,3
79,1023,1
80,1023,1
81,1023,1
82,1021,3
82,1023,1
83,1023,1
84,1023,1
85,1015,9
85,1021,3
85,1023,1
86,1023,1
87,1023,1
88,1021,3
88,1023,1
89,1023,1
90,1023,1
91,1021,3
91,1023,1
92,1023,1
93,1023,1
94,1015,9
94,1021,3
94,1023,1
95,1023,1
96,1023,1
97,1021,3
97,1023,1
98,1023,1
99,1023,1
100,1021,3
100,1023,1
101,1023,1
102,1023,1
103,1015,9
103,1021,3
103,1023,1
104,1023,1
105,1023,1
106,1021,3
106,1023,1
107,1023,1
108,1023,1
109,1021,3
109,1023,1
110,1023,1
111,1023,1
112,1015,9
112,1021,3
112,1023,1
113,1023,1
114,1023,1
115,1021,3
115,1023,1
116,1023,1
117,1023,1
118,1021,3
118,1023,1
119,1023,1
120,1023,1
121,889,243
121,1015,9
121,1021,3
121,1023,1
122,1023,1
123,1023,1
124,1021,3
124,1023,1
125,1023,1
126,1023,1
127,1021,3
127,1023,1
128,1023,1
129,1023,1
130,1015,9
130,1021,3
130,1023,1
131,1023,1
132,1023,1
133,1021,3
133,1023,1
134,1023,1
135,1023,1
136,1021,3
136,1023,1
137,1023,1
138,1023,1
139,1015,9
139,1021,3
139,1023,1
140,1023,1
141,1023,1
142,1021,3
142,1023,1
143,1023,1
144,1023,1
145,1021,3
145,1023,1
146,1023,1
147,1023,1
148,1015,9
148,1021,3
148,1023,1
149,1023,1
150,1023,1
151,1021,3
151,1023,1
152,1023,1
153,1023,1
154,1021,3
154,1023,1
155,1023,1
156,1023,1
157,1015,9
157,1021,3
157,1023,1
158,1023,1
159,1023,1
160,1021,3
160,1023,1
161,1023,1
162,1023,1
163,1021,3
163,1023,1
164,1023,1
165,1023,1
166,1015,9
166,1021,3
166,1023,1
167,1023,1
168,1023,1
169,1021,3
169,1023,1
170,1023,1
171,1023,1
172,1021,3
172,1023,1
173,1023,1
174,1023,1
175,1015,9
175,1021,3
175,1023,1
176,1023,1
177,1023,1
178,1021,3
178,1023,1
179,1023,1
180,1023,1
181,1021,3
181,1023,1
182,1023,1
183,1023,1
184,1015,9
184,1021,3
184,1023,1
185,1023,1
186,1023,1
187,1021,3
187,1023,1
188,1023,1
189,1023,1
190,1021,3
190,1023,1
191,1023,1
192,1023,1
193,1015,9
193,1021,3
193,1023,1
194,1023,1
195,1023,1
196,1021,3
196,1023,1
197,1023,1
198,1023,1
199,1021,3
199,1023,1
200,1023,1
201,1023,1
202,1015,9
202,1021,3
202,1023,1
203,1023,1
204,1023,1
205,1021,3
205,1023,1
206,1023,1
207,1023,1
208,1021,3
208,1023,1
209,1023,1
210,1023,1
211,1015,9
211,1021,3
211,1023,1
212,1023,1
213,1023,1
214,1021,3
214,1023,1
215,1023,1
216,1023,1
217,1021,3
217,1023,1
218,1023,1
219,1023,1
220,1015,9
220,1021,3
220,1023,1
221,1023,1
222,1023,1
223,1021,3
223,1023,1
224,1023,1
225,1023,1
226,1021,3
226,1023,1
227,1023,1
228,1023,1
229,1015,9
229,1021,3
229,1023,1
230,1023,1
231,1023,1
232,1021,3
232,1023,1
233,1023,1
234,1023,1
235,1021,3
235,1023,1
236,1023,1
237,1023,1
238,1015,9
238,1021,3
238,1023,1
239,1023,1
240,1023,1
241,1021,3
241,1023,1
242,1023,1
243,1023,1
244,1021,3
244,1023,1
245,1023,1
246,1023,1
247,1015,9
247,1021,3
247,1023,1
248,1023,1
249,1023,1
250,1021,3
250,1023,1
251,1023,1
252,1023,1
253,1021,3
253,1023,1
254,1023,1
255,1023,1
256,1015,9
256,1021,3
256,1023,1
257,1023,1
258,1023,1
259,1021,3
259,1023,1
260,1023,1
261,1023,1
262,1021,3
262,1023,1
263,1023,1
264,1023,1
265,1015,9
265,1021,3
265,1023,1
266,1023,1
267,1023,1
268,1021,3
268,1023,1
269,1023,1
270,1023,1
271,1021,3
271,1023,1
272,1023,1
273,1023,1
274,1015,9
274,1021,3
274,1023,1
275,1023,1
276,1023,1
277,1021,3
277,1023,1
278,1023,1
279,1023,1
280,1021,3
280,1023,1
281,1023,1
282,1023,1
283,1015,9
283,1021,3
283,1023,1
284,1023,1
285,1023,1
286,1021,3
286,1023,1
287,1023,1
288,1023,1
289,1021,3
289,1023,1
290,1023,1
291,1023,1
292,1015,9
292,1021,3
292,1023,1
293,1023,1
294,1023,1
295,1021,3
295,1023,1
296,1023,1
297,1023,1
298,1021,3
298,1023,1
299,1023,1
300,1023,1
301,1015,9
301,1021,3
301,1023,1
302,1023,1
303,1023,1
304,1021,3
304,1023,1
305,1023,1
306,1023,1
307,1021,3
307,1023,1
308,1023,1
309,1023,1
310,1015,9
310,1021,3
310,1023,1
311,1023,1
312,1023,1
313,1021,3
313,1023,1
314,1023,1
315,1023,1
316,1021,3
316,1023,1
317,1023,1
318,1023,1
319,1015,9
319,1021,3
319,1023,1
320,1023,1
321,1023,1
322,1021,3
322,1023,1
323,1023,1
324,1023,1
325,1021,3
325,1023,1
326,1023,1
327,1023,1
328,1015,9
328,1021,3
328,1023,1
329,1023,1
330,1023,1
331,1021,3
331,1023,1
332,1023,1
333,1023,1
334,1021,3
334,1023,1
335,1023,1
336,1023,1
337,1015,9
337,1021,3
337,1023,1
338,1023,1
339,1023,1
340,1021,3
340,1023,1
341,1023,1
342,1023,1
343,1021,3
343,1023,1
344,1023,1
345,1023,1
346,1015,9
346,1021,3
346,1023,1
347,1023,1
348,1023,1
349,1021,3
349,1023,1
350,1023,1
351,1023,1
352,1021,3
352,1023,1
353,1023,1
354,1023,1
355,1015,9
355,1021,3
355,1023,1
356,1023,1
357,1023,1
358,1021,3
358,1023,1
359,1023,1
360,1023,1
361,1021,3
361,1023,1
362,1023,1
363,1023,1
364,889,243
364,1015,9
364,1021,3
364,1023,1
365,1023,1
366,1023,1
367,1021,3
367,1023,1
368,1023,1
369,1023,1
370,1021,3
370,1023,1
371,1023,1
372,1023,1
373,1015,9
373,1021,3
373,1023,1
374,1023,1
375,1023,1
376,1021,3
376,1023,1
377,1023,1
378,1023,1
379,1021,3
379,1023,1
380,1023,1
381,1023,1
382,1015,9
382,1021,3
382,1023,1
383,1023,1
384,1023,1
385,1021,3
385,1023,1
386,1023,1
387,1023,1
388,1021,3
388,1023,1
389,1023,1
390,1023,1
391,1015,9
391,1021,3
391,1023,1
392,1023,1
393,1023,1
394,1021,3
394,1023,1
395,1023,1
396,1023,1
397,1021,3
397,1023,1
398,1023,1
399,1023,1
400,1015,9
400,1021,3
400,1023,1
401,1023,1
402,1023,1
403,1021,3
403,1023,1
404,1023,1
405,1023,1
406,1021,3
406,1023,1
407,1023,1
408,1023,1
409,1015,9
409,1021,3
409,1023,1
410,1023,1
411,1023,1
412,1021,3
412,1023,1
413,1023,1
414,1023,1
415,1021,3
415,1023,1
416,1023,1
417,1023,1
418,1015,9
418,1021,3
418,1023,1
419,1023,1
420,1023,1
421,1021,3
421,1023,1
422,1023,1
423,1023,1
424,1021,3
424,1023,1
425,1023,1
426,1023,1
427,1015,9
427,1021,3
427,1023,1
428,1023,1
429,1023,1
430,1021,3
430,1023,1
431,1023,1
432,1023,1
433,1021,3
433,1023,1
434,1023,1
435,1023,1
436,1015,9
436,1021,3
436,1023,1
437,1023,1
438,1023,1
439,1021,3
439,1023,1
440,1023,1
441,1023,1
442,1021,3
442,1023,1
443,1023,1
444,1023,1
445,1015,9
445,1021,3
445,1023,1
446,1023,1
447,1023,1
448,1021,3
448,1023,1
449,1023,1
450,1023,1
451,1021,3
451,1023,1
452,1023,1
453,1023,1
454,1015,9
454,1021,3
454,1023,1
455,1023,1
456,1023,1
457,1021,3
457,1023,1
458,1023,1
459,1023,1
460,1021,3
460,1023,1
461,1023,1
462,1023,1
463,1015,9
463,1021,3
463,1023,1
464,1023,1
465,1023,1
466,1021,3
466,1023,1
467,1023,1
468,1023,1
469,1021,3
469,1023,1
470,1023,1
471,1023,1
472,1015,9
472,1021,3
472,1023,1
473,1023,1
474,1023,1
475,1021,3
475,1023,1
476,1023,1
477,1023,1
478,1021,3
478,1023,1
479,1023,1
480,1023,1
481,1015,9
481,1021,3
481,1023,1
482,1023,1
483,1023,1
484,1021,3
484,1023,1
485,1023,1
486,1023,1
487,1021,3
487,1023,1
488,1023,1
489,1023,1
490,772,9
490,781,9
490,790,9
490,799,9
490,808,9
490,817,9
490,826,9
490,835,9
490,844,9
490,853,9
490,862,9
490,871,9
490,880,9
490,889,9
490,898,9
490,907,9
490,916,9
490,925,9
490,934,9
490,943,9
490,952,9
490,961,9
490,970,9
490,979,9
490,988,9
490,997,9
490,1006,9
490,1015,9
490,1021,3
490,1023,1
491,1023,1
492,1023,1
493,1021,3
493,1023,1
494,1023,1
495,1023,1
496,1021,3
496,1023,1
497,1023,1
498,1023,1
499,772,9
499,781,9
499,790,9
499,799,9
499,808,9
499,817,9
499,826,9
499,835,9
499,844,9
499,853,9
499,862,9
499,871,9
499,880,9
499,889,9
499,898,9
499,907,9
499,916,9
499,925,9
499,934,9
499,943,9
499,952,9
499,961,9
499,970,9
499,979,9
499,988,9
499,997,9
499,1006,9
499,1015,9
499,1021,3
499,1023,1
500,1023,1
501,1023,1
502,1021,3
502,1023,1
503,1023,1
504,1023,1
505,769,3
505,772,3
505,775,3
505,778,3
505,781,3
505,784,3
505,787,3
505,790,3
505,793,3
505,796,3
505,799,3
505,802,3
505,805,3
505,808,3
505,811,3
505,814,3
505,817,3
505,820,3
505,823,3
505,826,3
505,829,3
505,832,3
505,835,3
505,838,3
505,841,3
505,844,3
505,847,3
505,850,3
505,853,3
505,856,3
505,859,3
505,862,3
505,865,3
505,868,3
505,871,3
505,874,3
505,877,3
505,880,3
505,883,3
505,886,3
505,889,3
505,892,3
505,895,3
505,898,3
505,901,3
505,904,3
505,907,3
505,910,3
505,913,3
505,916,3
505,919,3
505,922,3
505,925,3
505,928,3
505,931,3
505,934,3
505,937,3
505,940,3
505,943,3
505,946,3
505,949,3
505,952,3
505,955,3
505,958,3
505,961,3
505,964,3
505,967,3
505,970,3
505,973,3
505,976,3
505,979,3
505,982,3
505,985,3
505,988,3
505,991,3
505,994,3
505,997,3
505,1000,3
505,1003,3
505,1006,3
505,1009,3
505,1012,3
505,1015,3
505,1018,3
505,1021,3
505,1023,1
506,1023,1
507,1023,1
508,769,3
508,772,3
508,775,3
508,778,3
508,781,3
508,784,3
508,787,3
508,790,3
508,793,3
508,796,3
508,799,3
508,802,3
508,805,3
508,808,3
508,811,3
508,814,3
508,817,3
508,820,3
508,823,3
508,826,3
508,829,3
508,832,3
508,835,3
508,838,3
508,841,3
508,844,3
508,847,3
508,850,3
508,853,3
508,856,3
508,859,3
508,862,3
508,865,3
508,868,3
508,871,3
508,874,3
508,877,3
508,880,3
508,883,3
508,886,3
508,889,3
508,892,3
508,895,3
508,898,3
508,901,3
508,904,3
508,907,3
508,910,3
508,913,3
508,916,3
508,919,3
508,922,3
508,925,3
508,928,3
508,931,3
508,934,3
508,937,3
508,940,3
508,943,3
508,946,3
508,949,3
508,952,3
508,955,3
508,958,3
508,961,3
508,964,3
508,967,3
508,970,3
508,973,3
508,976,3
508,979,3
508,982,3
508,985,3
508,988,3
508,991,3
508,994,3
508,997,3
508,1000,3
508,1003,3
508,1006,3
508,1009,3
508,1012,3
508,1015,3
508,1018,3
508,1021,3
508,1023,1
509,1023,1
510,768,1
510,769,1
510,770,1
510,771,1
510,772,1
510,773,1
510,774,1
510,775,1
510,776,1
510,777,1
510,778,1
510,779,1
510,780,1
510,781,1
510,782,1
510,783,1
510,784,1
510,785,1
510,786,1
510,787,1
510,788,1
510,789,1
510,790,1
510,791,1
510,792,1
510,793,1
510,794,1
510,795,1
510,796,1
510,797,1
510,798,1
510,799,1
510,800,1
510,801,1
510,802,1
510,803,1
510,804,1
510,805,1
510,806,1
510,807,1
510,808,1
510,809,1
510,810,1
510,811,1
510,812,1
510,813,1
510,814,1
510,815,1
510,816,1
510,817,1
510,818,1
510,819,1
510,820,1
510,821,1
510,822,1
510,823,1
510,824,1
510,825,1
510,826,1
510,827,1
510,828,1
510,829,1
510,830,1
510,831,1
510,832,1
510,833,1
510,834,1
510,835,1
510,836,1
510,837,1
510,838,1
510,839,1
510,840,1
510,841,1
510,842,1
510,843,1
510,844,1
510,845,1
510,846,1
510,847,1
510,848,1
510,849,1
510,850,1
510,851,1
510,852,1
510,853,1
510,854,1
510,855,1
510,856,1
510,857,1
510,858,1
510,859,1
510,860,1
510,861,1
510,862,1
510,863,1
510,864,1
510,865,1
510,866,1
510,867,1
510,868,1
510,869,1
510,870,1
510,871,1
510,872,1
510,873,1
510,874,1
510,875,1
510,876,1
510,877,1
510,878,1
510,879,1
510,880,1
510,881,1
510,882,1
510,883,1
510,884,1
510,885,1
510,886,1
510,887,1
510,888,1
510,889,1
510,890,1
510,891,1
510,892,1
510,893,1
510,894,1
510,895,1
510,896,1
510,897,1
510,898,1
510,899,1
510,900,1
510,901,1
510,902,1
510,903,1
510,904,1
510,905,1
510,906,1
510,907,1
510,908,1
510,909,1
510,910,1
510,911,1
510,912,1
510,913,1
510,914,1
510,915,1
510,916,1
510,917,1
510,918,1
510,919,1
510,920,1
510,921,1
510,922,1
510,923,1
510,924,1
510,925,1
510,926,1
510,927,1
510,928,1
510,929,1
510,930,1
510,931,1
510,932,1
510,933,1
510,934,1
510,935,1
510,936,1
510,937,1
510,938,1
510,939,1
510,940,1
510,941,1
510,942,1
510,943,1
510,944,1
510,945,1
510,946,1
510,947,1
510,948,1
510,949,1
510,950,1
510,951,1
510,952,1
510,953,1
510,954,1
510,955,1
510,956,1
510,957,1
510,958,1
510,959,1
510,960,1
510,961,1
510,962,1
510,963,1
510,964,1
510,965,1
510,966,1
510,967,1
510,968,1
510,969,1
510,970,1
510,971,1
510,972,1
510,973,1
510,974,1
510,975,1
510,976,1
510,977,1
510,978,1
510,979,1
510,980,1
510,981,1
510,982,1
510,983,1
510,984,1
510,985,1
510,986,1
510,987,1
510,988,1
510,989,1
510,990,1
510,991,1
510,992,1
510,993,1
510,994,1
510,995,1
510,996,1
510,997,1
510,998,1
510,999,1
510,1000,1
510,1001,1
510,1002,1
510,1003,1
510,1004,1
510,1005,1
510,1006,1
510,1007,1
510,1008,1
510,1009,1
510,1010,1
510,1011,1
510,1012,1
510,1013,1
510,1014,1
510,1015,1
510,1016,1
510,1017,1
510,1018,1
510,1019,1
510,1020,1
510,1021,1
510,1022,1
510,1023,1
511,768,1
511,769,1
511,770,1
511,771,1
511,772,1
511,773,1
511,774,1
511,775,1
511,776,1
511,777,1
511,778,1
511,779,1
511,780,1
511,781,1
511,782,1
511,783,1
511,784,1
511,785,1
511,786,1
511,787,1
511,788,1
511,789,1
511,790,1
511,791,1
511,792,1
511,793,1
511,794,1
511,795,1
511,796,1
511,797,1
511,798,1
511,799,1
511,800,1
511,801,1
511,802,1
511,803,1
511,804,1
511,805,1
511,806,1
511,807,1
511,808,1
511,809,1
511,810,1
511,811,1
511,812,1
511,813,1
511,814,1
511,815,1
511,816,1
511,817,1
511,818,1
511,819,1
511,820,1
511,821,1
511,822,1
511,823,1
511,824,1
511,825,1
511,826,1
511,827,1
511,828,1
511,829,1
511,830,1
511,831,1
511,832,1
511,833,1
511,834,1
511,835,1
511,836,1
511,837,1
511,838,1
511,839,1
511,840,1
511,841,1
511,842,1
511,843,1
511,844,1
511,845,1
511,846,1
511,847,1
511,848,1
511,849,1
511,850,1
511,851,1
511,852,1
511,853,1
511,854,1
511,855,1
511,856,1
511,857,1
511,858,1
511,859,1
511,860,1
511,861,1
511,862,1
511,863,1
511,864,1
511,865,1
511,866,1
511,867,1
511,868,1
511,869,1
511,870,1
511,871,1
511,872,1
511,873,1
511,874,1
511,875,1
511,876,1
511,877,1
511,878,1
511,879,1
511,880,1
511,881,1
511,882,1
511,883,1
511,884,1
511,885,1
511,886,1
511,887,1
511,888,1
511,889,1
511,890,1
511,891,1
511,892,1
511,893,1
511,894,1
511,895,1
511,896,1
511,897,1
511,898,1
511,899,1
511,900,1
511,901,1
511,902,1
511,903,1
511,904,1
511,905,1
511,906,1
511,907,1
511,908,1
511,909,1
511,910,1
511,911,1
511,912,1
511,913,1
511,914,1
511,915,1
511,916,1
511,917,1
511,918,1
511,919,1
511,920,1
511,921,1
511,922,1
511,923,1
511,924,1
511,925,1
511,926,1
511,927,1
511,928,1
511,929,1
511,930,1
511,931,1
511,932,1
511,933,1
511,934,1
511,935,1
511,936,1
511,937,1
511,938,1
511,939,1
511,940,1
511,941,1
511,942,1
511,943,1
511,944,1
511,945,1
511,946,1
511,947,1
511,948,1
511,949,1
511,950,1
511,951,1
511,952,1
511,953,1
511,954,1
511,955,1
511,956,1
511,957,1
511,958,1
511,959,1
511,960,1
511,961,1
511,962,1
511,963,1
511,964,1
511,965,1
511,966,1
511,967,1
511,968,1
511,969,1
511,970,1
511,971,1
511,972,1
511,973,1
511,974,1
511,975,1
511,976,1
511,977,1
511,978,1
511,979,1
511,980,1
511,981,1
511,982,1
511,983,1
511,984,1
511,985,1
511,986,1
511,987,1
511,988,1
511,989,1
511,990,1
511,991,1
511,992,1
511,993,1
511,994,1
511,995,1
511,996,1
511,997,1
511,998,1
511,999,1
511,1000,1
511,1001,1
511,1002,1
511,1003,1
511,1004,1
511,1005,1
511,1006,1
511,1007,1
511,1008,1
511,1009,1
511,1010,1
511,1011,1
511,1012,1
511,1013,1
511,1014,1
511,1015,1
511,1016,1
511,1017,1
511,1018,1
511,1019,1
511,1020,1
511,1021,1
511,1022,1
511,1023,1
512,767,1
513,765,3
513,767,1
514,767,1
515,767,1
516,759,9
516,765,3
516,767,1
517,767,1
518,767,1
519,765,3
519,767,1
520,767,1
521,767,1
522,765,3
522,767,1
523,767,1
524,767,1
525,759,9
525,765,3
525,767,1
526,767,1
527,767,1
528,765,3
528,767,1
529,767,1
530,767,1
531,765,3
531,767,1
532,767,1
533,767,1
534,759,9
534,765,3
534,767,1
535,767,1
536,767,1
537,765,3
537,767,1
538,767,1
539,767,1
540,765,3
540,767,1
541,767,1
542,767,1
543,759,9
543,765,3
543,767,1
544,767,1
545,767,1
546,765,3
546,767,1
547,767,1
548,767,1
549,765,3
549,767,1
550,767,1
551,767,1
552,759,9
552,765,3
552,767,1
553,767,1
554,767,1
555,765,3
555,767,1
556,767,1
557,767,1
558,765,3
558,767,1
559,767,1
560,767,1
561,759,9
561,765,3
561,767,1
562,767,1
563,767,1
564,765,3
564,767,1
565,767,1
566,767,1
567,765,3
567,767,1
568,767,1
569,767,1
570,759,9
570,765,3
570,767,1
571,767,1
572,767,1
573,765,3
573,767,1
574,767,1
575,767,1
576,765,3
576,767,1
577,767,1
578,767,1
579,759,9
579,765,3
579,767,1
580,767,1
581,767,1
582,765,3
582,767,1
583,767,1
584,767,1
585,765,3
585,767,1
586,767,1
587,767,1
588,759,9
588,765,3
588,767,1
589,767,1
590,767,1
591,765,3
591,767,1
592,767,1
593,767,1
594,765,3
594,767,1
595,767,1
596,767,1
597,759,9
597,765,3
597,767,1
598,767,1
599,767,1
600,765,3
600,767,1
601,767,1
602,767,1
603,765,3
603,767,1
604,767,1
605,767,1
606,759,9
606,765,3
606,767,1
607,767,1
608,767,1
609,765,3
609,767,1
610,767,1
611,767,1
612,765,3
612,767,1
613,767,1
614,767,1
615,759,9
615,765,3
615,767,1
616,767,1
617,767,1
618,765,3
618,767,1
619,767,1
620,767,1
621,765,3
621,767,1
622,767,1
623,767,1
624,759,9
624,765,3
624,767,1
625,767,1
626,767,1
627,765,3
627,767,1
628,767,1
629,767,1
630,765,3
630,767,1
631,767,1
632,767,1
633,633,243
633,759,9
633,765,3
633,767,1
634,767,1
635,767,1
636,765,3
636,767,1
637,767,1
638,767,1
639,765,3
639,767,1
640,767,1
641,767,1
642,759,9
642,765,3
642,767,1
643,767,1
644,767,1
645,765,3
645,767,1
646,767,1
647,767,1
648,765,3
648,767,1
649,767,1
650,767,1
651,759,9
651,765,3
651,767,1
652,767,1
653,767,1
654,765,3
654,767,1
655,767,1
656,767,1
657,765,3
657,767,1
658,767,1
659,767,1
660,759,9
660,765,3
660,767,1
661,767,1
662,767,1
663,765,3
663,767,1
664,767,1
665,767,1
666,765,3
666,767,1
667,767,1
668,767,1
669,759,9
669,765,3
669,767,1
670,767,1
671,767,1
672,765,3
672,767,1
673,767,1
674,767,1
675,765,3
675,767,1
676,767,1
677,767,1
678,759,9
678,765,3
678,767,1
679,767,1
680,767,1
681,765,3
681,767,1
682,767,1
683,767,1
684,765,3
684,767,1
685,767,1
686,767,1
687,759,9
687,765,3
687,767,1
688,767,1
689,767,1
690,765,3
690,767,1
691,767,1
692,767,1
693,765,3
693,767,1
694,767,1
695,767,1
696,759,9
696,765,3
696,767,1
697,767,1
698,767,1
699,765,3
699,767,1
700,767,1
701,767,1
702,765,3
702,767,1
703,767,1
704,767,1
705,759,9
705,765,3
705,767,1
706,767,1
707,767,1
708,765,3
708,767,1
709,767,1
710,767,1
711,765,3
711,767,1
712,767,1
713,767,1
714,759,9
714,765,3
714,767,1
715,767,1
716,767,1
717,765,3
717,767,1
718,767,1
719,767,1
720,765,3
720,767,1
721,767,1
722,767,1
723,759,9
723,765,3
723,767,1
724,767,1
725,767,1
726,765,3
726,767,1
727,767,1
728,767,1
729,765,3
729,767,1
730,767,1
731,767,1
732,759,9
732,765,3
732,767,1
733,767,1
734,767,1
735,765,3
735,767,1
736,767,1
737,767,1
738,765,3
738,767,1
739,767,1
740,767,1
741,759,9
741,765,3
741,767,1
742,767,1
743,767,1
744,765,3
744,767,1
745,767,1
746,767,1
747,765,3
747,767,1
748,767,1
749,767,1
750,759,9
750,765,3
750,767,1
751,767,1
752,767,1
753,765,3
753,767,1
754,767,1
755,767,1
756,765,3
756,767,1
757,767,1
758,767,1
759,516,9
759,525,9
759,534,9
759,543,9
759,552,9
759,561,9
759,570,9
759,579,9
759,588,9
759,597,9
759,606,9
759,615,9
759,624,9
759,633,9
759,642,9
759,651,9
759,660,9
759,669,9
759,678,9
759,687,9
759,696,9
759,705,9
759,714,9
759,723,9
759,732,9
759,741,9
759,750,9
759,759,9
759,765,3
759,767,1
760,767,1
761,767,1
762,765,3
762,767,1
763,767,1
764,767,1
765,513,3
765,516,3
765,519,3
765,522,3
765,525,3
765,528,3
765,531,3
765,534,3
765,537,3
765,540,3
765,543,3
765,546,3
765,549,3
765,552,3
765,555,3
765,558,3
765,561,3
765,564,3
765,567,3
765,570,3
765,573,3
765,576,3
765,579,3
765,582,3
765,585,3
765,588,3
765,591,3
765,594,3
765,597,3
765,600,3
765,603,3
765,606,3
765,609,3
765,612,3
765,615,3
765,618,3
765,621,3
765,624,3
765,627,3
765,630,3
765,633,3
765,636,3
765,639,3
765,642,3
765,645,3
765,648,3
765,651,3
765,654,3
765,657,3
765,660,3
765,663,3
765,666,3
765,669,3
765,672,3
765,675,3
765,678,3
765,681,3
765,684,3
765,687,3
765,690,3
765,693,3
765,696,3
765,699,3
765,702,3
765,705,3
765,708,3
765,711,3
765,714,3
765,717,3
765,720,3
765,723,3
765,726,3
765,729,3
765,732,3
765,735,3
765,738,3
765,741,3
765,744,3
765,747,3
765,750,3
765,753,3
765,756,3
765,759,3
765,762,3
765,765,3
765,767,1
766,767,1
767,512,1
767,513,1
767,514,1
767,515,1
767,516,1
767,517,1
767,518,1
767,519,1
767,520,1
767,521,1
767,522,1
767,523,1
767,524,1
767,525,1
767,526,1
767,527,1
767,528,1
767,529,1
767,530,1
767,531,1
767,532,1
767,533,1
767,534,1
767,535,1
767,536,1
767,537,1
767,538,1
767,539,1
767,540,1
767,541,1
767,542,1
767,543,1
767,544,1
767,545,1
767,546,1
767,547,1
767,548,1
767,549,1
767,550,1
767,551,1
767,552,1
767,553,1
767,554,1
767,555,1
767,556,1
767,557,1
767,558,1
767,559,1
767,560,1
767,561,1
767,562,1
767,563,1
767,564,1
767,565,1
767,566,1
767,567,1
767,568,1
767,569,1
767,570,1
767,571,1
767,572,1
767,573,1
767,574,1
767,575,1
767,576,1
767,577,1
767,578,1
767,579,1
767,580,1
767,581,1
767,582,1
767,583,1
767,584,1
767,585,1
767,586,1
767,587,1
767,588,1
767,589,1
767,590,1
767,591,1
767,592,1
767,593,1
767,594,1
767,595,1
767,596,1
767,597,1
767,598,1
767,599,1
767,600,1
767,601,1
767,602,1
767,603,1
767,604,1
767,605,1
767,606,1
767,607,1
767,608,1
767,609,1
767,610,1
767,611,1
767,612,1
767,613,1
767,614,1
767,615,1
767,616,1
767,617,1
767,618,1
767,619,1
767,620,1
767,621,1
767,622,1
767,623,1
767,624,1
767,625,1
767,626,1
767,627,1
767,628,1
767,629,1
767,630,1
767,631,1
767,632,1
767,633,1
767,634,1
767,635,1
767,636,1
767,637,1
767,638,1
767,639,1
767,640,1
767,641,1
767,642,1
767,643,1
767,644,1
767,645,1
767,646,1
767,647,1
767,648,1
767,649,1
767,650,1
767,651,1
767,652,1
767,653,1
767,654,1
767,655,1
767,656,1
767,657,1
767,658,1
767,659,1
767,660,1
767,661,1
767,662,1
767,663,1
767,664,1
767,665,1
767,666,1
767,667,1
767,668,1
767,669,1
767,670,1
767,671,1
767,672,1
767,673,1
767,674,1
767,675,1
767,676,1
767,677,1
767,678,1
767,679,1
767,680,1
767,681,1
767,682,1
767,683,1
767,684,1
767,685,1
767,686,1
767,687,1
767,688,1
767,689,1
767,690,1
767,691,1
767,692,1
767,693,1
767,694,1
767,695,1
767,696,1
767,697,1
767,698,1
767,699,1
767,700,1
767,701,1
767,702,1
767,703,1
767,704,1
767,705,1
767,706,1
767,707,1
767,708,1
767,709,1
767,710,1
767,711,1
767,712,1
767,713,1
767,714,1
767,715,1
767,716,1
767,717,1
767,718,1
767,719,1
767,720,1
767,721,1
767,722,1
767,723,1
767,724,1
767,725,1
767,726,1
767,727,1
767,728,1
767,729,1
767,730,1
767,731,1
767,732,1
767,733,1
767,734,1
767,735,1
767,736,1
767,737,1
767,738,1
767,739,1
767,740,1
767,741,1
767,742,1
767,743,1
767,744,1
767,745,1
767,746,1
767,747,1
767,748,1
767,749,1
767,750,1
767,751,1
767,752,1
767,753,1
767,754,1
767,755,1
767,756,1
767,757,1
767,758,1
767,759,1
767,760,1
767,761,1
767,762,1
767,763,1
767,764,1
767,765,1
767,766,1
767,767,1
768,1023,1
769,1021,3
769,1023,1
770,1023,1
771,1023,1
772,1015,9
772,1021,3
772,1023,1
773,1023,1
774,1023,1
775,1021,3
775,1023,1
776,1023,1
777,1023,1
778,1021,3
778,1023,1
779,1023,1
780,1023,1
781,1015,9
781,1021,3
781,1023,1
782,1023,1
783,1023,1
784,1021,3
784,1023,1
785,1023,1
786,1023,1
787,1021,3
787,1023,1
788,1023,1
789,1023,1
790,1015,9
790,1021,3
790,1023,1
791,1023,1
792,1023,1
793,1021,3
793,1023,1
794,1023,1
795,1023,1
796,1021,3
796,1023,1
797,1023,1
798,1023,1
799,1015,9
799,1021,3
799,1023,1
800,1023,1
801,1023,1
802,1021,3
802,1023,1
803,1023,1
804,1023,1
805,1021,3
805,1023,1
806,1023,1
807,1023,1
808,1015,9
808,1021,3
808,1023,1
809,1023,1
810,1023,1
811,1021,3
811,1023,1
812,1023,1
813,1023,1
814,1021,3
814,1023,1
815,1023,1
816,1023,1
817,1015,9
817,1021,3
817,1023,1
818,1023,1
819,1023,1
820,1021,3
820,1023,1
821,1023,1
822,1023,1
823,1021,3
823,1023,1
824,1023,1
825,1023,1
826,1015,9
826,1021,3
826,1023,1
827,1023,1
828,1023,1
829,1021,3
829,1023,1
830,1023,1
831,1023,1
832,1021,3
832,1023,1
833,1023,1
834,1023,1
835,1015,9
835,1021,3
835,1023,1
836,1023,1
837,1023,1
838,1021,3
838,1023,1
839,1023,1
840,1023,1
841,1021,3
841,1023,1
842,1023,1
843,1023,1
844,1015,9
844,1021,3
844,1023,1
845,1023,1
846,1023,1
847,1021,3
847,1023,1
848,1023,1
849,1023,1
850,1021,3
850,1023,1
851,1023,1
852,1023,1
853,1015,9
853,1021,3
853,1023,1
854,1023,1
855,1023,1
856,1021,3
856,1023,1
857,1023,1
858,1023,1
859,1021,3
859,1023,1
860,1023,1
861,1023,1
862,1015,9
862,1021,3
862,1023,1
863,1023,1
864,1023,1
865,1021,3
865,1023,1
866,1023,1
867,1023,1
868,1021,3
868,1023,1
869,1023,1
870,1023,1
871,1015,9
871,1021,3
871,1023,1
872,1023,1
873,1023,1
874,1021,3
874,1023,1
875,1023,1
876,1023,1
877,1021,3
877,1023,1
878,1023,1
879,1023,1
880,1015,9
880,1021,3
880,1023,1
881,1023,1
882,1023,1
883,1021,3
883,1023,1
884,1023,1
885,1023,1
886,1021,3
886,1023,1
887,1023,1
888,1023,1
889,889,243
889,1015,9
889,1021,3
889,1023,1
890,1023,1
891,1023,1
892,1021,3
892,1023,1
893,1023,1
894,1023,1
895,1021,3
895,1023,1
896,1023,1
897,1023,1
898,1015,9
898,1021,3
898,1023,1
899,1023,1
900,1023,1
901,1021,3
901,1023,1
902,1023,1
903,1023,1
904,1021,3
904,1023,1
905,1023,1
906,1023,1
907,1015,9
907,1021,3
907,1023,1
908,1023,1
909,1023,1
910,1021,3
910,1023,1
911,1023,1
912,1023,1
913,1021,3
913,1023,1
914,1023,1
915,1023,1
916,1015,9
916,1021,3
916,1023,1
917,1023,1
918,1023,1
919,1021,3
919,1023,1
920,1023,1
921,1023,1
922,1021,3
922,1023,1
923,1023,1
924,1023,1
925,1015,9
925,1021,3
925,1023,1
926,1023,1
927,1023,1
928,1021,3
928,1023,1
929,1023,1
930,1023,1
931,1021,3
931,1023,1
932,1023,1
933,1023,1
934,1015,9
934,1021,3
934,1023,1
935,1023,1
936,1023,1
937,1021,3
937,1023,1
938,1023,1
939,1023,1
940,1021,3
940,1023,1
941,1023,1
942,1023,1
943,1015,9
943,1021,3
943,1023,1
944,1023,1
945,1023,1
946,1021,3
946,1023,1
947,1023,1
948,1023,1
949,1021,3
949,1023,1
950,1023,1
951,1023,1
952,1015,9
952,1021,3
952,1023,1
953,1023,1
954,1023,1
955,1021,3
955,1023,1
956,1023,1
957,1023,1
958,1021,3
958,1023,1
959,1023,1
960,1023,1
961,1015,9
961,1021,3
961,1023,1
962,1023,1
963,1023,1
964,1021,3
964,1023,1
965,1023,1
966,1023,1
967,1021,3
967,1023,1
968,1023,1
969,1023,1
970,1015,9
970,1021,3
970,1023,1
971,1023,1
972,1023,1
973,1021,3
973,1023,1
974,1023,1
975,1023,1
976,1021,3
976,1023,1
977,1023,1
978,1023,1
979,1015,9
979,1021,3
979,1023,1
980,1023,1
981,1023,1
982,1021,3
982,1023,1
983,1023,1
984,1023,1
985,1021,3
985,1023,1
986,1023,1
987,1023,1
988,1015,9
988,1021,3
988,1023,1
989,1023,1
990,1023,1
991,1021,3
991,1023,1
992,1023,1
993,1023,1
994,1021,3
994,1023,1
995,1023,1
996,1023,1
997,1015,9
997,1021,3
997,1023,1
998,1023,1
999,1023,1
1000,1021,3
1000,1023,1
1001,1023,1
1002,1023,1
1003,1021,3
1003,1023,1
1004,1023,1
1005,1023,1
1006,1015,9
1006,1021,3
1006,1023,1
1007,1023,1
1008,1023,1
1009,1021,3
1009,1023,1
1010,1023,1
1011,1023,1
1012,1021,3
1012,1023,1
1013,1023,1
1014,1023,1
1015,772,9
1015,781,9
1015,790,9
1015,799,9
1015,808,9
1015,817,9
1015,826,9
1015,835,9
1015,844,9
1015,853,9
1015,862,9
1015,871,9
1015,880,9
1015,889,9
1015,898,9
1015,907,9
1015,916,9
1015,925,9
1015,934,9
1015,943,9
1015,952,9
1015,961,9
1015,970,9
1015,979,9
1015,988,9
1015,997,9
1015,1006,9
1015,1015,9
1015,1021,3
1015,1023,1
1016,1023,1
1017,1023,1
1018,1021,3
1018,1023,1
1019,1023,1
1020,1023,1
1021,769,3
1021,772,3
1021,775,3
1021,778,3
1021,781,3
1021,784,3
1021,787,3
1021,790,3
1021,793,3
1021,796,3
1021,799,3
1021,802,3
1021,805,3
1021,808,3
1021,811,3
1021,814,3
1021,817,3
1021,820,3
1021,823,3
1021,826,3
1021,829,3
1021,832,3
1021,835,3
1021,838,3
1021,841,3
1021,844,3
1021,847,3
1021,850,3
1021,853,3
1021,856,3
1021,859,3
1021,862,3
1021,865,3
1021,868,3
1021,871,3
1021,874,3
1021,877,3
1021,880,3
1021,883,3
1021,886,3
1021,889,3
1021,892,3
1021,895,3
1021,898,3
1021,901,3
1021,904,3
1021,907,3
1021,910,3
1021,913,3
1021,916,3
1021,919,3
1021,922,3
1021,925,3
1021,928,3
1021,931,3
1021,934,3
1021,937,3
1021,940,3
1021,943,3
1021,946,3
1021,949,3
1021,952,3
1021,955,3
1021,958,3
1021,961,3
1021,964,3
1021,967,3
1021,970,3
1021,973,3
1021,976,3
1021,979,3
1021,982,3
1021,985,3
1021,988,3
1021,991,3
1021,994,3
1021,997,3
1021,1000,3
1021,1003,3
1021,1006,3
1021,1009,3
1021,1012,3
1021,1015,3
1021,1018,3
1021,1021,3
1021,1023,1
1022,1023,1
1023,768,1
1023,769,1
1023,770,1
1023,771,1
1023,772,1
1023,773,1
1023,774,1
1023,775,1
1023,776,1
1023,777,1
1023,778,1
1023,779,1
1023,780,1
1023,781,1
1023,782,1
1023,783,1
1023,784,1
1023,785,1
1023,786,1
1023,787,1
1023,788,1
1023,789,1
1023,790,1
1023,791,1
1023,792,1
1023,793,1
1023,794,1
1023,795,1
1023,796,1
1023,797,1
1023,798,1
1023,799,1
1023,800,1
1023,801,1
1023,802,1
1023,803,1
1023,804,1
1023,805,1
1023,806,1
1023,807,1
1023,808,1
1023,809,1
1023,810,1
1023,811,1
1023,812,1
1023,813,1
1023,814,1
1023,815,1
1023,816,1
1023,817,1
1023,818,1
1023,819,1
1023,820,1
1023,821,1
1023,822,1
1023,823,1
1023,824,1
1023,825,1
1023,826,1
1023,827,1
1023,828,1
1023,829,1
1023,830,1
1023,831,1
1023,832,1
1023,833,1
1023,834,1
1023,835,1
1023,836,1
1023,837,1
1023,838,1
1023,839,1
1023,840,1
1023,841,1
1023,842,1
1023,843,1
1023,844,1
1023,845,1
1023,846,1
1023,847,1
1023,848,1
1023,849,1
1023,850,1
1023,851,1
1023,852,1
1023,853,1
1023,854,1
1023,855,1
1023,856,1
1023,857,1
1023,858,1
1023,859,1
1023,860,1
1023,861,1
1023,862,1
1023,863,1
1023,864,1
1023,865,1
1023,866,1
1023,867,1
1023,868,1
1023,869,1
1023,870,1
1023,871,1
1023,872,1
1023,873,1
1023,874,1
1023,875,1
1023,876,1
1023,877,1
1023,878,1
1023,879,1
1023,880,1
1023,881,1
1023,882,1
1023,883,1
1023,884,1
1023,885,1
1023,886,1
1023,887,1
1023,888,1
1023,889,1
1023,890,1
1023,891,1
1023,892,1
1023,893,1
1023,894,1
1023,895,1
1023,896,1
1023,897,1
1023,898,1
1023,899,1
1023,900,1
1023,901,1
1023,902,1
1023,903,1
1023,904,1
1023,905,1
1023,906,1
1023,907,1
1023,908,1
1023,909,1
1023,910,1
1023,911,1
1023,912,1
1023,913,1
1023,914,1
1023,915,1
1023,916,1
1023,917,1
1023,918,1
1023,919,1
1023,920,1
1023,921,1
1023,922,1
1023,923,1
1023,924,1
1023,925,1
1023,926,1
1023,927,1
1023,928,1
1023,929,1
1023,930,1
1023,931,1
1023,932,1
1023,933,1
1023,934,1
1023,935,1
1023,936,1
1023,937,1
1023,938,1
1023,939,1
1023,940,1
1023,941,1
1023,942,1
1023,943,1
1023,944,1
1023,945,1
1023,946,1
1023,947,1
1023,948,1
1023,949,1
1023,950,1
1023,951,1
1023,952,1
1023,953,1
1023,954,1
1023,955,1
1023,956,1
1023,957,1
1023,958,1
1023,959,1
1023,960,1
1023,961,1
1023,962,1
1023,963,1
1023,964,1
1023,965,1
1023,966,1
1023,967,1
1023,968,1
1023,969,1
1023,970,1
1023,971,1
1023,972,1
1023,973,1
1023,974,1
1023,975,1
1023,976,1
1023,977,1
1023,978,1
1023,979,1
1023,980,1
1023,981,1
1023,982,1
1023,983,1
1023,984,1
1023,985,1
1023,986,1
1023,987,1
1023,988,1
1023,989,1
1023,990,1
1023,991,1
1023,992,1
1023,993,1
1023,994,1
1023,995,1
1023,996,1
1023,997,1
1023,998,1
1023,999,1
1023,1000,1
1023,1001,1
1023,1002,1
1023,1003,1
1023,1004,1
1023,1005,1
1023,1006,1
1023,1007,1
1023,1008,1
1023,1009,1
1023,1010,1
1023,1011,1
1023,1012,1
1023,1013,1
1023,1014,1
1023,1015,1
1023,1016,1
1023,1017,1
1023,1018,1
1023,1019,1
1023,1020,1
1023,1021,1
1023,1022,1
1023,1023,1