192,62,1
192,63,1
193,60,3
193,62,1
193,63,1
194,62,1
194,63,1
195,62,1
195,63,1
196,60,3
196,62,1
196,63,1
197,62,1
197,63,1
198,62,1
198,63,1
199,60,3
199,62,1
199,63,1
200,62,1
200,63,1
201,62,1
201,63,1
202,60,3
202,62,1
202,63,1
203,62,1
203,63,1
204,62,1
204,63,1
205,45,27
205,60,3
205,62,1
205,63,1
206,62,1
206,63,1
207,62,1
207,63,1
208,60,3
208,62,1
208,63,1
209,62,1
209,63,1
210,62,1
210,63,1
211,60,3
211,62,1
211,63,1
212,62,1
212,63,1
213,62,1
213,63,1
214,60,3
214,62,1
214,63,1
215,62,1
215,63,1
216,62,1
216,63,1
217,60,3
217,62,1
217,63,1
218,62,1
218,63,1
219,62,1
219,63,1
220,60,3
220,62,1
220,63,1
221,62,1
221,63,1
222,62,1
222,63,1
223,60,3
223,62,1
223,63,1
224,62,1
224,63,1
225,62,1
225,63,1
226,60,3
226,62,1
226,63,1
227,62,1
227,63,1
228,62,1
228,63,1
229,60,3
229,62,1
229,63,1
230,62,1
230,63,1
231,62,1
231,63,1
232,45,27
232,60,3
232,62,1
232,63,1
233,62,1
233,63,1
234,62,1
234,63,1
235,60,3
235,62,1
235,63,1
236,62,1
236,63,1
237,62,1
237,63,1
238,60,3
238,62,1
238,63,1
239,62,1
239,63,1
240,62,1
240,63,1
241,60,3
241,62,1
241,63,1
242,62,1
242,63,1
243,62,1
243,63,1
244,60,3
244,62,1
244,63,1
245,62,1
245,63,1
246,62,1
246,63,1
247,60,3
247,62,1
247,63,1
248,62,1
248,63,1
249,62,1
249,63,1
250,36,9
250,45,9
250,54,9
250,60,3
250,62,1
250,63,1
251,62,1
251,63,1
252,62,1
252,63,1
253,60,3
253,62,1
253,63,1
254,62,1
254,63,1
255,32,1
255,33,1
255,34,1
255,35,1
255,36,1
255,37,1
255,38,1
255,39,1
255,40,1
255,41,1
255,42,1
255,43,1
255,44,1
255,45,1
255,46,1
255,47,1
255,48,1
255,49,1
255,50,1
255,51,1
255,52,1
255,53,1
255,54,1
255,55,1
255,56,1
255,57,1
255,58,1
255,59,1
255,60,1
255,61,1
255,62,1
255,63,1